 time             v(vip)           v(vop)           v(von)          
 1.900000000e-09  6.574038941e-01  6.334575919e-01  5.665199701e-01 
 3.900000000e-09  7.155025781e-01  6.927515377e-01  5.071795319e-01 
 5.900000000e-09  7.688725769e-01  7.482595433e-01  4.516357959e-01 
 7.900000000e-09  8.153288918e-01  7.977064004e-01  4.021705080e-01 
 9.900000000e-09  8.529695806e-01  8.390661947e-01  3.608126070e-01 
 1.190000000e-08  8.802536952e-01  8.706467335e-01  3.292540335e-01 
 1.390000000e-08  8.960641531e-01  8.911536762e-01  3.087856070e-01 
 1.590000000e-08  8.997537201e-01  8.997447827e-01  3.002433129e-01 
 1.790000000e-08  8.911712906e-01  8.960667493e-01  3.039725411e-01 
 1.990000000e-08  8.706683233e-01  8.802639748e-01  3.198205034e-01 
 2.190000000e-08  8.390841593e-01  8.529826880e-01  3.471336204e-01 
 2.390000000e-08  7.977118826e-01  8.153373188e-01  3.847923113e-01 
 2.590000000e-08  7.482452706e-01  7.688659205e-01  4.312564065e-01 
 2.790000000e-08  6.927094947e-01  7.154733188e-01  4.846223173e-01 
 2.990000000e-08  6.333781903e-01  6.573499107e-01  5.427040061e-01 
 3.190000000e-08  5.726803795e-01  5.968754217e-01  6.031284975e-01 
 3.390000000e-08  5.131010340e-01  5.365292119e-01  6.634244889e-01 
 3.590000000e-08  4.570793400e-01  4.787855835e-01  7.211257649e-01 
 3.790000000e-08  4.069088233e-01  4.260104226e-01  7.738732767e-01 
 3.990000000e-08  3.646434381e-01  3.803643466e-01  8.195109044e-01 
 4.190000000e-08  3.320135930e-01  3.437172383e-01  8.561701849e-01 
 4.390000000e-08  3.103551369e-01  3.175697408e-01  8.823485524e-01 
 4.590000000e-08  3.005547550e-01  3.029894174e-01  8.969734650e-01 
 4.790000000e-08  3.030136819e-01  3.005714975e-01  8.994424378e-01 
 4.990000000e-08  3.176312809e-01  3.104103057e-01  8.896528249e-01 
 5.190000000e-08  3.438090979e-01  3.321024528e-01  8.679999948e-01 
 5.390000000e-08  3.804753998e-01  3.647582544e-01  8.353672388e-01 
 5.590000000e-08  4.261291002e-01  4.070370140e-01  7.930915436e-01 
 5.790000000e-08  4.789010982e-01  4.572067294e-01  7.429044702e-01 
 5.990000000e-08  5.366309192e-01  5.132167805e-01  6.868594985e-01 
 6.190000000e-08  5.969550769e-01  5.727780017e-01  6.272514628e-01 
 6.390000000e-08  6.574038932e-01  6.334475258e-01  5.665307918e-01 
 6.590000000e-08  7.155025791e-01  6.927505247e-01  5.071805458e-01 
 6.790000000e-08  7.688725798e-01  7.482593813e-01  4.516359580e-01 
 6.990000000e-08  8.153288963e-01  7.977051289e-01  4.021717797e-01 
 7.190000000e-08  8.529695787e-01  8.390672513e-01  3.608115509e-01 
 1.900000000e-09  7.126864762e-01  6.664701603e-01  5.334427578e-01 
 3.900000000e-09  8.131977630e-01  7.763468359e-01  4.234274534e-01 
 5.900000000e-09  8.791528190e-01  8.577111181e-01  3.420683711e-01 
 7.900000000e-09  8.998615270e-01  8.973649162e-01  3.025635598e-01 
 9.900000000e-09  8.719673417e-01  8.888404620e-01  3.112881924e-01 
 1.190000000e-08  7.999916108e-01  8.334722312e-01  3.667826428e-01 
 1.390000000e-08  6.956004879e-01  7.402012510e-01  4.600273237e-01 
 1.590000000e-08  5.757140657e-01  6.241566107e-01  5.759101521e-01 
 1.790000000e-08  4.597639721e-01  5.041870343e-01  6.956830315e-01 
 1.990000000e-08  3.665439564e-01  3.997871470e-01  7.999730594e-01 
 2.190000000e-08  3.111633112e-01  3.278902363e-01  8.719153686e-01 
 2.390000000e-08  3.025984973e-01  3.001444752e-01  8.998341853e-01 
 2.590000000e-08  3.422379269e-01  3.210076874e-01  8.791638843e-01 
 2.790000000e-08  4.236566285e-01  3.870573237e-01  8.132063803e-01 
 2.990000000e-08  5.336579350e-01  4.875673388e-01  7.126306328e-01 
 3.190000000e-08  6.544123028e-01  6.062602833e-01  5.937555734e-01 
 3.390000000e-08  7.663472691e-01  7.239322204e-01  4.758981513e-01 
 3.590000000e-08  8.513197742e-01  8.215526927e-01  3.782036365e-01 
 3.790000000e-08  8.955571961e-01  8.833323271e-01  3.165078005e-01 
 3.990000000e-08  8.918895146e-01  8.992276548e-01  3.008025273e-01 
 4.190000000e-08  8.409109146e-01  8.666206626e-01  3.335871864e-01 
 4.390000000e-08  7.508847157e-01  7.907505657e-01  4.095115783e-01 
 4.590000000e-08  6.364024338e-01  6.838999072e-01  5.162598071e-01 
 4.790000000e-08  5.160199870e-01  5.634206999e-01  6.365440342e-01 
 4.990000000e-08  4.092493070e-01  4.488864163e-01  7.509115897e-01 
 5.190000000e-08  3.333962524e-01  3.588946866e-01  8.408681568e-01 
 5.390000000e-08  3.007553852e-01  3.080375962e-01  8.918440489e-01 
 5.590000000e-08  3.166173690e-01  3.045275622e-01  8.955532823e-01 
 5.790000000e-08  3.784113308e-01  3.488968343e-01  8.513391644e-01 
 5.990000000e-08  4.761214749e-01  4.339191750e-01  7.663310899e-01 
 6.190000000e-08  5.939104688e-01  5.458085802e-01  6.543067935e-01 
 6.390000000e-08  7.126864764e-01  6.664544367e-01  5.334610316e-01 
 6.590000000e-08  8.131977071e-01  7.763469117e-01  4.234273782e-01 
 6.790000000e-08  8.791527656e-01  8.577130660e-01  3.420664267e-01 
 6.990000000e-08  8.998614784e-01  8.973639164e-01  3.025645472e-01 
 7.190000000e-08  8.719674385e-01  8.888410670e-01  3.112875836e-01 
 1.900000000e-09  7.638048626e-01  6.986302345e-01  5.011811826e-01 
 3.900000000e-09  8.780231249e-01  8.426384775e-01  3.570139686e-01 
 5.900000000e-09  8.925776171e-01  8.998815593e-01  3.000900675e-01 
 7.900000000e-09  8.022507567e-01  8.496597837e-01  3.506984138e-01 
 9.900000000e-09  6.394229324e-01  7.097726760e-01  4.905333331e-01 
 1.190000000e-08  4.624631456e-01  5.304065121e-01  6.694784621e-01 
 1.390000000e-08  3.348063782e-01  3.760703489e-01  8.235731814e-01 
 1.590000000e-08  3.022138581e-01  3.021822746e-01  8.977145437e-01 
 1.790000000e-08  3.763700541e-01  3.351101541e-01  8.652052799e-01 
 1.990000000e-08  5.306917876e-01  4.628696910e-01  7.374813921e-01 
 2.190000000e-08  7.098587363e-01  6.396402588e-01  5.603185217e-01 
 2.390000000e-08  8.496440954e-01  8.022138567e-01  3.974362654e-01 
 2.590000000e-08  8.999383757e-01  8.924931272e-01  3.073341040e-01 
 2.790000000e-08  8.427127960e-01  8.780268277e-01  3.222338008e-01 
 2.990000000e-08  6.984816889e-01  7.637745163e-01  4.366082349e-01 
 3.190000000e-08  5.189475958e-01  5.906439648e-01  6.093912574e-01 
 3.390000000e-08  3.684685565e-01  4.208749064e-01  7.787970231e-01 
 3.590000000e-08  3.009867655e-01  3.154880298e-01  8.842777133e-01 
 3.790000000e-08  3.406933990e-01  3.122071707e-01  8.879888862e-01 
 3.990000000e-08  4.733545869e-01  4.120186578e-01  7.883810364e-01 
 4.190000000e-08  6.514151274e-01  5.790517346e-01  6.210594316e-01 
 4.390000000e-08  8.110445137e-01  7.535473542e-01  4.461606958e-01 
 4.590000000e-08  8.950200518e-01  8.731464363e-01  3.265683707e-01 
 4.790000000e-08  8.732382696e-01  8.949965929e-01  3.051277382e-01 
 4.990000000e-08  7.535085261e-01  8.110485686e-01  3.893526292e-01 
 5.190000000e-08  5.787502693e-01  6.512605607e-01  5.489229797e-01 
 5.390000000e-08  4.116094611e-01  4.730323474e-01  7.267246575e-01 
 5.590000000e-08  3.120013188e-01  3.404572866e-01  8.592192415e-01 
 5.790000000e-08  3.156326983e-01  3.010765593e-01  8.989719331e-01 
 5.990000000e-08  4.212023739e-01  3.688446018e-01  8.315425808e-01 
 6.190000000e-08  5.908664862e-01  5.193161362e-01  6.809332495e-01 
 6.390000000e-08  7.638048885e-01  6.986051067e-01  5.012116861e-01 
 6.590000000e-08  8.780233180e-01  8.426374895e-01  3.570149582e-01 
 6.790000000e-08  8.925776747e-01  8.998815617e-01  3.000900654e-01 
 6.990000000e-08  8.022506767e-01  8.496562256e-01  3.507019792e-01 
 7.190000000e-08  6.394229100e-01  7.097713090e-01  4.905346963e-01 
 1.900000000e-09  8.088694984e-01  7.295312603e-01  4.701507686e-01 
 3.900000000e-09  8.999841670e-01  8.851831816e-01  3.145121995e-01 
 5.900000000e-09  8.044889787e-01  8.637510867e-01  3.366734489e-01 
 7.900000000e-09  5.817886454e-01  6.779578432e-01  5.223864007e-01 
 9.900000000e-09  3.704170231e-01  4.434623471e-01  7.561630082e-01 
 1.190000000e-08  3.018604683e-01  3.066707771e-01  8.931055099e-01 
 1.390000000e-08  4.187664695e-01  3.525380364e-01  8.479440715e-01 
 1.590000000e-08  6.484126105e-01  5.520458067e-01  6.482116361e-01 
 1.790000000e-08  8.479425756e-01  7.812274676e-01  4.183491433e-01 
 1.990000000e-08  8.932350871e-01  8.980233606e-01  3.018446784e-01 
 2.190000000e-08  7.561163615e-01  8.295859271e-01  3.709355751e-01 
 2.390000000e-08  5.218834410e-01  6.179619106e-01  5.821998782e-01 
 2.590000000e-08  3.362440255e-01  3.951086138e-01  8.044381476e-01 
 2.790000000e-08  3.146774182e-01  3.000800229e-01  8.998870712e-01 
 2.990000000e-08  4.706008724e-01  3.916781926e-01  8.088629223e-01 
 3.190000000e-08  7.070196532e-01  6.125296619e-01  5.875315595e-01 
 3.390000000e-08  8.768651195e-01  8.255601455e-01  3.739768931e-01 
 3.590000000e-08  8.744809624e-01  8.986747662e-01  3.013939870e-01 
 3.790000000e-08  7.013525086e-01  7.859876236e-01  4.145525250e-01 
 3.990000000e-08  4.651765703e-01  5.572288315e-01  6.427309833e-01 
 4.190000000e-08  3.128690959e-01  3.551709604e-01  8.443769018e-01 
 4.390000000e-08  3.391756530e-01  3.057727454e-01  8.943967739e-01 
 4.590000000e-08  5.277328438e-01  4.393217795e-01  7.611969060e-01 
 4.790000000e-08  7.612453331e-01  6.724949915e-01  5.273667022e-01 
 4.990000000e-08  8.944520372e-01  8.606931452e-01  3.388856644e-01 
 5.190000000e-08  8.444899957e-01  8.870978690e-01  3.131670707e-01 
 5.390000000e-08  6.424393276e-01  7.347445037e-01  4.657331132e-01 
 5.590000000e-08  4.139890109e-01  4.982531536e-01  7.015177046e-01 
 5.790000000e-08  3.012493718e-01  3.252870913e-01  8.743415672e-01 
 5.990000000e-08  3.743518217e-01  3.235029172e-01  8.768482137e-01 
 6.190000000e-08  5.878234480e-01  4.935151951e-01  7.069034639e-01 
 6.390000000e-08  8.088695408e-01  7.295021911e-01  4.701888044e-01 
 6.590000000e-08  8.999846932e-01  8.851855959e-01  3.145098081e-01 
 6.790000000e-08  8.044888853e-01  8.637536496e-01  3.366708743e-01 
 6.990000000e-08  5.817886292e-01  6.779587118e-01  5.223855361e-01 
 7.190000000e-08  3.704169967e-01  4.434615387e-01  7.561638134e-01 
 1.900000000e-09  8.462160589e-01  7.587953918e-01  4.407411126e-01 
 3.900000000e-09  8.756957293e-01  8.998498860e-01  3.001150467e-01 
 5.900000000e-09  6.454514152e-01  7.585980731e-01  4.420588115e-01 
 7.900000000e-09  3.723891998e-01  4.673658294e-01  7.322659701e-01 
 9.900000000e-09  3.137515742e-01  3.015514408e-01  8.982907513e-01 
 1.190000000e-08  5.247813359e-01  4.171171776e-01  7.835652269e-01 
 1.390000000e-08  8.066730520e-01  7.044182917e-01  4.953133000e-01 
 1.590000000e-08  8.938633328e-01  8.936745101e-01  3.060543505e-01 
 1.790000000e-08  7.042129694e-01  8.066473643e-01  3.940350594e-01 
 1.990000000e-08  4.163880635e-01  5.243412896e-01  6.755035349e-01 
 2.190000000e-08  3.015370902e-01  3.135767827e-01  8.860524443e-01 
 2.390000000e-08  4.678601921e-01  3.730656009e-01  8.275913242e-01 
 2.590000000e-08  7.586696100e-01  6.458187173e-01  5.541481710e-01 
 2.790000000e-08  8.999993880e-01  8.755018397e-01  3.240454715e-01 
 2.990000000e-08  7.587083067e-01  8.461970126e-01  3.544099045e-01 
 3.190000000e-08  4.679037798e-01  5.844277666e-01  6.156650628e-01 
 3.390000000e-08  3.015424400e-01  3.373536050e-01  8.621328520e-01 
 3.590000000e-08  4.163490668e-01  3.382708312e-01  8.622636347e-01 
 3.790000000e-08  7.041696250e-01  5.853498598e-01  6.148676616e-01 
 3.990000000e-08  8.938535163e-01  8.460836727e-01  3.533654572e-01 
 4.190000000e-08  8.067061989e-01  8.756300146e-01  3.248125488e-01 
 4.390000000e-08  5.248274142e-01  6.451540197e-01  5.551818602e-01 
 4.590000000e-08  3.137660596e-01  3.719179511e-01  8.275188614e-01 
 4.790000000e-08  3.723570083e-01  3.141689974e-01  8.861659386e-01 
 4.990000000e-08  6.454050833e-01  5.254665929e-01  6.749764822e-01 
 5.190000000e-08  8.756781848e-01  8.066321314e-01  3.928178437e-01 
 5.390000000e-08  8.462414693e-01  8.937591432e-01  3.064569340e-01 
 5.590000000e-08  5.848289037e-01  7.040191363e-01  4.965155443e-01 
 5.790000000e-08  3.377088604e-01  4.158528910e-01  7.836351758e-01 
 5.990000000e-08  3.376848500e-01  3.017566669e-01  8.983342546e-01 
 6.190000000e-08  5.847816747e-01  4.686153271e-01  7.319916265e-01 
 6.390000000e-08  8.462155985e-01  7.587605502e-01  4.407889623e-01 
 6.590000000e-08  8.756956938e-01  8.998498984e-01  3.001151967e-01 
 6.790000000e-08  6.454514152e-01  7.585980936e-01  4.420587909e-01 
 6.990000000e-08  3.723892948e-01  4.673658482e-01  7.322659513e-01 
 7.190000000e-08  3.137510788e-01  3.015517796e-01  8.982903996e-01 
 1.900000000e-09  8.744624528e-01  7.860527880e-01  4.133358912e-01 
 3.900000000e-09  8.089016442e-01  8.851920428e-01  3.152136891e-01 
 5.900000000e-09  4.706445669e-01  6.117732395e-01  5.885038132e-01 
 7.900000000e-09  3.012456124e-01  3.228480584e-01  8.766226807e-01 
 9.900000000e-09  5.218374628e-01  3.964204231e-01  8.044036891e-01 
 1.190000000e-08  8.444629290e-01  7.350146313e-01  4.645639514e-01 
 1.390000000e-08  8.479673054e-01  8.979523205e-01  3.021624938e-01 
 1.590000000e-08  5.277793073e-01  6.719822887e-01  5.285622264e-01 
 1.790000000e-08  3.018659625e-01  3.515982949e-01  8.477578046e-01 
 1.990000000e-08  4.651337524e-01  3.563182370e-01  8.444136567e-01 
 2.190000000e-08  8.044555273e-01  6.785032047e-01  5.213300640e-01 
 2.390000000e-08  8.768812294e-01  8.985155494e-01  3.013036819e-01 
 2.590000000e-08  5.878707142e-01  7.292197834e-01  4.715180240e-01 
 2.790000000e-08  3.146933843e-01  3.905634224e-01  8.087959387e-01 
 2.990000000e-08  4.139510022e-01  3.261596241e-01  8.743748003e-01 
 3.190000000e-08  7.560773146e-01  6.188016941e-01  5.813271100e-01 
 3.390000000e-08  8.944601876e-01  8.868805702e-01  3.126866882e-01 
 3.590000000e-08  6.484586037e-01  7.811270455e-01  4.196982690e-01 
 3.790000000e-08  3.392007681e-01  4.381436293e-01  7.613362049e-01 
 3.990000000e-08  3.703856460e-01  3.071881693e-01  8.930757679e-01 
 4.190000000e-08  7.013088969e-01  5.583217122e-01  6.420957963e-01 
 4.390000000e-08  8.999839626e-01  8.635370302e-01  3.358623647e-01 
 4.590000000e-08  7.070627610e-01  8.255719730e-01  3.752205663e-01 
 4.790000000e-08  3.743845702e-01  4.923925164e-01  7.073055075e-01 
 4.990000000e-08  3.362211263e-01  3.001937029e-01  8.997710340e-01 
 5.190000000e-08  6.423928692e-01  4.995213886e-01  7.011313950e-01 
 5.390000000e-08  8.932253309e-01  8.294499097e-01  3.698926578e-01 
 5.590000000e-08  7.612840978e-01  8.607364986e-01  3.399081580e-01 
 5.790000000e-08  4.188058234e-01  5.510795638e-01  6.488993058e-01 
 5.990000000e-08  3.128553843e-01  3.054816177e-01  8.942034078e-01 
 6.190000000e-08  5.817414202e-01  4.448167210e-01  7.559794155e-01 
 6.390000000e-08  8.744625251e-01  7.860158857e-01  4.133898592e-01 
 6.590000000e-08  8.089016611e-01  8.851915387e-01  3.152141969e-01 
 6.790000000e-08  4.706446086e-01  6.117717863e-01  5.885052633e-01 
 6.990000000e-08  3.012456158e-01  3.228422043e-01  8.766285805e-01 
 7.190000000e-08  5.218376004e-01  3.964192240e-01  8.044048864e-01 
 1.900000000e-09  8.925676581e-01  8.109761319e-01  3.882773803e-01 
 3.900000000e-09  7.099013314e-01  8.425955184e-01  3.582608504e-01 
 5.900000000e-09  3.407188823e-01  4.617917129e-01  7.377387435e-01 
 7.900000000e-09  4.115725309e-01  3.162978456e-01  8.841791517e-01 
 9.900000000e-09  8.022165895e-01  6.519856581e-01  5.480086861e-01 
 1.190000000e-08  8.496692255e-01  8.996506889e-01  3.003162815e-01 
 1.390000000e-08  4.733984427e-01  6.390338920e-01  5.614671267e-01 
 1.590000000e-08  3.119879129e-01  3.118381682e-01  8.876712821e-01 
 1.790000000e-08  6.393763194e-01  4.744340338e-01  7.264348909e-01 
 1.990000000e-08  8.999373042e-01  8.494005549e-01  3.498678417e-01 
 2.190000000e-08  6.514610442e-01  8.021309628e-01  3.988342700e-01 
 2.390000000e-08  3.156494307e-01  4.109527613e-01  7.883761980e-01 
 2.590000000e-08  4.624206194e-01  3.415816793e-01  8.591728697e-01 
 2.790000000e-08  8.426849831e-01  7.101804075e-01  4.894886755e-01 
 2.990000000e-08  8.110763112e-01  8.923552897e-01  3.079574469e-01 
 3.190000000e-08  4.212416957e-01  5.782357977e-01  6.219319563e-01 
 3.390000000e-08  3.347846579e-01  3.010989195e-01  8.987003153e-01 
 3.590000000e-08  6.984376424e-01  5.316643892e-01  6.689828145e-01 
 3.790000000e-08  8.950273873e-01  8.777071980e-01  3.216916007e-01 
 3.990000000e-08  5.909137402e-01  7.533490782e-01  4.475862048e-01 
 4.190000000e-08  3.022209513e-01  3.679039967e-01  8.313498755e-01 
 4.390000000e-08  5.189017890e-01  3.774108181e-01  8.235167401e-01 
 4.590000000e-08  8.732192518e-01  7.638936162e-01  4.355218764e-01 
 4.790000000e-08  7.638424810e-01  8.730808401e-01  3.275454926e-01 
 4.990000000e-08  3.764040278e-01  5.183291349e-01  6.814967167e-01 
 5.190000000e-08  3.684383817e-01  3.026116925e-01  8.975286481e-01 
 5.390000000e-08  7.534684849e-01  5.916595173e-01  6.086794812e-01 
 5.590000000e-08  8.780390991e-01  8.946948281e-01  3.049499843e-01 
 5.790000000e-08  5.307386087e-01  6.982167309e-01  5.025548189e-01 
 5.990000000e-08  3.009833298e-01  3.344125626e-01  8.649047879e-01 
 6.190000000e-08  5.787031505e-01  4.223100475e-01  7.786577774e-01 
 6.390000000e-08  8.925676515e-01  8.109380858e-01  3.883362594e-01 
 6.590000000e-08  7.099018924e-01  8.425962253e-01  3.582601302e-01 
 6.790000000e-08  3.407193998e-01  4.617901905e-01  7.377402279e-01 
 6.990000000e-08  4.115714713e-01  3.162974626e-01  8.841795303e-01 
 7.190000000e-08  8.022160261e-01  6.519815519e-01  5.480128281e-01 
 1.900000000e-09  8.998580323e-01  8.332541229e-01  3.658921817e-01 
 3.900000000e-09  5.939576989e-01  7.761642838e-01  4.249447100e-01 
 5.900000000e-09  3.007529899e-01  3.481769436e-01  8.510086194e-01 
 7.900000000e-09  6.363559237e-01  4.503981396e-01  7.506750399e-01 
 9.900000000e-09  8.955628951e-01  8.662399258e-01  3.330000931e-01 
 1.190000000e-08  5.337049214e-01  7.236258998e-01  4.773731801e-01 
 1.390000000e-08  3.111520510e-01  3.205782546e-01  8.787529804e-01 
 1.590000000e-08  6.955560567e-01  5.055925808e-01  6.952971962e-01 
 1.790000000e-08  8.791673462e-01  8.884228969e-01  3.110326921e-01 
 1.990000000e-08  4.761663067e-01  6.659721589e-01  5.347776063e-01 
 2.190000000e-08  3.333743332e-01  3.044648793e-01  8.951430870e-01 
 2.390000000e-08  7.508440138e-01  5.646174022e-01  6.359674932e-01 
 2.590000000e-08  8.513438973e-01  8.988460795e-01  3.009361871e-01 
 2.790000000e-08  4.236972208e-01  6.055870757e-01  5.948147928e-01 
 2.990000000e-08  3.665148575e-01  3.004818639e-01  8.994894068e-01 
 3.190000000e-08  7.999573316e-01  6.250632560e-01  5.751450502e-01 
 3.390000000e-08  8.132282473e-01  8.970634842e-01  3.031039272e-01 
 3.590000000e-08  3.784447440e-01  5.449604712e-01  6.550516258e-01 
 3.790000000e-08  4.092121976e-01  3.087708256e-01  8.915916592e-01 
 3.990000000e-08  8.408835092e-01  6.844778570e-01  5.153433668e-01 
 4.190000000e-08  7.663840959e-01  8.831245377e-01  3.174240491e-01 
 4.390000000e-08  3.422652114e-01  4.866039233e-01  7.130395753e-01 
 4.590000000e-08  4.597223014e-01  3.289724645e-01  8.717455541e-01 
 4.790000000e-08  8.719469393e-01  7.404504607e-01  4.590356290e-01 
 4.990000000e-08  7.127290221e-01  8.575718973e-01  3.432918487e-01 
 5.190000000e-08  3.166357920e-01  4.329272661e-01  7.664281567e-01 
 5.390000000e-08  5.159746300e-01  3.602367044e-01  8.407430777e-01 
 5.590000000e-08  8.918780062e-01  7.907097724e-01  4.085470003e-01 
 5.790000000e-08  6.544578273e-01  8.214285058e-01  3.796328166e-01 
 5.990000000e-08  3.026060210e-01  3.861447428e-01  8.130493933e-01 
 6.190000000e-08  5.756669669e-01  4.012755765e-01  7.998294057e-01 
 6.390000000e-08  8.998589759e-01  8.332173991e-01  3.659526663e-01 
 6.590000000e-08  5.939577155e-01  7.761646851e-01  4.249442991e-01 
 6.790000000e-08  3.007536185e-01  3.481776463e-01  8.510079143e-01 
 6.990000000e-08  6.363558331e-01  4.503975109e-01  7.506756712e-01 
 7.190000000e-08  8.955645912e-01  8.662391968e-01  3.330008181e-01 
 1.900000000e-09  8.960686296e-01  8.526171836e-01  3.464642718e-01 
 3.900000000e-09  4.789461414e-01  6.923597110e-01  5.086465493e-01 
 5.900000000e-09  3.646147622e-01  3.008205711e-01  8.989472170e-01 
 7.900000000e-09  8.390550713e-01  6.581127820e-01  5.419178183e-01 
 9.900000000e-09  7.155444100e-01  8.703751980e-01  3.304340302e-01 
 1.190000000e-08  3.030219173e-01  4.061680676e-01  7.930200318e-01 
 1.390000000e-08  6.333312478e-01  4.276017516e-01  7.736462557e-01 
 1.590000000e-08  8.802680105e-01  8.797627272e-01  3.195049611e-01 
 1.790000000e-08  4.261703932e-01  6.328982412e-01  5.677695688e-01 
 1.990000000e-08  4.068723674e-01  3.036372391e-01  8.965586489e-01 
 2.190000000e-08  8.706477171e-01  7.158824525e-01  4.837374506e-01 
 2.390000000e-08  6.574494841e-01  8.388564163e-01  3.622453384e-01 
 2.590000000e-08  3.005525187e-01  3.640342057e-01  8.350561589e-01 
 2.790000000e-08  6.926650162e-01  4.803246180e-01  7.208026420e-01 
 2.990000000e-08  8.529919652e-01  8.955507063e-01  3.040236873e-01 
 3.190000000e-08  3.805103877e-01  5.720625025e-01  6.281865287e-01 
 3.390000000e-08  4.570381426e-01  3.185893481e-01  8.820309861e-01 
 3.590000000e-08  8.911583063e-01  7.689397515e-01  4.303586923e-01 
 3.790000000e-08  5.970022975e-01  7.975009389e-01  4.037417574e-01 
 3.990000000e-08  3.103447975e-01  3.316302936e-01  8.675365510e-01 
 4.190000000e-08  7.482037752e-01  5.378950091e-01  6.629559536e-01 
 4.390000000e-08  8.153587356e-01  8.992858733e-01  3.006920042e-01 
 4.590000000e-08  3.438373312e-01  5.123715936e-01  6.874464033e-01 
 4.790000000e-08  5.130556620e-01  3.450410167e-01  8.559309685e-01 
 4.990000000e-08  8.997489429e-01  8.151328688e-01  3.839849243e-01 
 5.190000000e-08  5.366780532e-01  7.479917066e-01  4.532172724e-01 
 5.390000000e-08  3.319941095e-01  3.102718579e-01  8.891335479e-01 
 5.590000000e-08  7.976762903e-01  5.979715988e-01  6.024928177e-01 
 5.790000000e-08  7.689098208e-01  8.907864483e-01  3.096266436e-01 
 5.990000000e-08  3.176509524e-01  4.563039134e-01  7.431404294e-01 
 6.190000000e-08  5.726334592e-01  3.818804981e-01  8.193127720e-01 
 6.390000000e-08  8.960690430e-01  8.525871348e-01  3.465198125e-01 
 6.590000000e-08  4.789455179e-01  6.923601075e-01  5.086461383e-01 
 6.790000000e-08  3.646148727e-01  3.008195669e-01  8.989483445e-01 
 6.990000000e-08  8.390545963e-01  6.581125533e-01  5.419180490e-01 
 7.190000000e-08  7.155443559e-01  8.703748149e-01  3.304344152e-01 
 1.900000000e-09  8.813387260e-01  8.688279793e-01  3.302436301e-01 
 3.900000000e-09  3.825987265e-01  5.994016826e-01  6.011235271e-01 
 5.900000000e-09  5.101453851e-01  3.319398091e-01  8.689602243e-01 
 7.900000000e-09  8.965449999e-01  8.368596775e-01  3.621542035e-01 
 9.900000000e-09  4.286605318e-01  6.599294880e-01  5.410201930e-01 
 1.190000000e-08  4.543684324e-01  3.105242050e-01  8.899403380e-01 
 1.390000000e-08  8.996114054e-01  7.953004307e-01  4.038214211e-01 
 1.590000000e-08  4.817376559e-01  7.179628717e-01  4.832897360e-01 
 1.790000000e-08  4.045535933e-01  3.009467219e-01  8.990399603e-01 
 1.990000000e-08  8.904116468e-01  7.458095622e-01  4.535943105e-01 
 2.190000000e-08  5.396579053e-01  7.710991770e-01  4.302851305e-01 
 2.390000000e-08  3.627397225e-01  3.036264813e-01  8.959173658e-01 
 2.590000000e-08  8.693206665e-01  6.903974005e-01  5.094174165e-01 
 2.790000000e-08  6.000471594e-01  8.171596166e-01  3.841635030e-01 
 2.990000000e-08  3.306369813e-01  3.184746705e-01  8.807329779e-01 
 3.190000000e-08  8.372032329e-01  6.313061396e-01  5.689824499e-01 
 3.390000000e-08  6.604347646e-01  8.542571891e-01  3.468218953e-01 
 3.590000000e-08  3.095654898e-01  3.449090541e-01  8.541226990e-01 
 3.790000000e-08  7.953763610e-01  5.709190229e-01  6.298296977e-01 
 3.990000000e-08  7.183478302e-01  8.808953265e-01  3.197969950e-01 
 4.190000000e-08  3.003836712e-01  3.818596682e-01  8.171846506e-01 
 4.390000000e-08  7.455499471e-01  5.117078286e-01  6.894121968e-01 
 4.590000000e-08  7.714168307e-01  8.960081289e-01  3.042179307e-01 
 4.790000000e-08  3.034707868e-01  4.278157720e-01  7.714275621e-01 
 4.990000000e-08  6.897644273e-01  4.560559329e-01  7.452860030e-01 
 5.190000000e-08  8.174673607e-01  8.990093540e-01  3.007468539e-01 
 5.390000000e-08  3.186951834e-01  4.808885751e-01  7.187084056e-01 
 5.590000000e-08  6.303034273e-01  4.062317142e-01  7.951462286e-01 
 5.790000000e-08  8.546138945e-01  8.898060829e-01  3.095525203e-01 
 5.990000000e-08  3.454357823e-01  5.388836363e-01  6.611648870e-01 
 6.190000000e-08  5.696026512e-01  3.642885455e-01  8.369335437e-01 
 6.390000000e-08  8.813403319e-01  8.687979919e-01  3.302992309e-01 
 6.590000000e-08  3.825985597e-01  5.994008628e-01  6.011243226e-01 
 6.790000000e-08  5.101459473e-01  3.319370146e-01  8.689629799e-01 
 6.990000000e-08  8.965446432e-01  8.368562464e-01  3.621576330e-01 
 7.190000000e-08  4.286603594e-01  6.599288692e-01  5.410208122e-01 
 1.900000000e-09  8.562132943e-01  8.816908062e-01  3.174359369e-01 
 3.900000000e-09  3.197683824e-01  5.064725931e-01  6.933378055e-01 
 5.900000000e-09  6.868533335e-01  4.329850295e-01  7.685325470e-01 
 7.900000000e-09  7.739077758e-01  8.987533338e-01  3.012440343e-01 
 9.900000000e-09  3.002449028e-01  4.015021809e-01  7.975546904e-01 
 1.190000000e-08  7.930536924e-01  5.441502955e-01  6.568947877e-01 
 1.390000000e-08  6.634141851e-01  8.675130661e-01  3.334773209e-01 
 1.590000000e-08  3.293128354e-01  3.290082871e-01  8.700222119e-01 
 1.790000000e-08  8.679622239e-01  6.642054915e-01  5.358591564e-01 
 1.990000000e-08  5.426437943e-01  7.927537483e-01  4.087567559e-01 
 2.190000000e-08  4.022518009e-01  3.007189604e-01  8.990278554e-01 
 2.390000000e-08  8.994391274e-01  7.738898648e-01  4.252990422e-01 
 2.590000000e-08  4.311704208e-01  6.864474643e-01  5.147828718e-01 
 2.790000000e-08  5.072448617e-01  3.210414933e-01  8.797230022e-01 
 2.990000000e-08  8.823803612e-01  8.556263952e-01  3.433328252e-01 
 3.190000000e-08  3.470610901e-01  5.659111626e-01  6.344146901e-01 
 3.390000000e-08  6.272728615e-01  3.864724826e-01  8.149782598e-01 
 3.590000000e-08  8.195522316e-01  8.962461596e-01  3.032700809e-01 
 3.790000000e-08  3.039458924e-01  4.509069438e-01  7.484565130e-01 
 3.990000000e-08  7.428794664e-01  4.862677908e-01  7.151067413e-01 
 4.190000000e-08  7.211405489e-01  8.890541701e-01  3.114627051e-01 
 4.390000000e-08  3.088207824e-01  3.603105379e-01  8.386291448e-01 
 4.590000000e-08  8.353286381e-01  6.042750003e-01  5.963082478e-01 
 4.790000000e-08  6.030920278e-01  8.349774280e-01  3.663633225e-01 
 4.990000000e-08  3.608893988e-01  3.088779086e-01  8.904368058e-01 
 5.190000000e-08  8.896315129e-01  7.215119315e-01  4.780615572e-01 
 5.390000000e-08  4.845437915e-01  7.425595920e-01  4.589120159e-01 
 5.590000000e-08  4.517140694e-01  3.048396207e-01  8.954180255e-01 
 5.790000000e-08  8.969915202e-01  8.192065202e-01  3.797661595e-01 
 5.990000000e-08  3.847078373e-01  6.267429892e-01  5.740834090e-01 
 6.190000000e-08  5.665750962e-01  3.486353125e-01  8.525498039e-01 
 6.390000000e-08  8.562116202e-01  8.816636679e-01  3.174869211e-01 
 6.590000000e-08  3.197674496e-01  5.064739685e-01  6.933364229e-01 
 6.790000000e-08  6.868533258e-01  4.329857526e-01  7.685318210e-01 
 6.990000000e-08  7.739076687e-01  8.987522511e-01  3.012452711e-01 
 7.190000000e-08  3.002447963e-01  4.015045920e-01  7.975522886e-01 
 1.900000000e-09  8.216176263e-01  8.910486626e-01  3.082046940e-01 
 3.900000000e-09  3.001407001e-01  4.228089949e-01  7.763250826e-01 
 5.900000000e-09  8.334279480e-01  5.772423651e-01  6.236579370e-01 
 7.900000000e-09  5.456354437e-01  8.127681941e-01  3.888080688e-01 
 9.900000000e-09  4.490735066e-01  3.015862521e-01  8.984239634e-01 
 1.190000000e-08  8.833946888e-01  8.403675822e-01  3.584992779e-01 
 1.390000000e-08  3.208706028e-01  5.328507134e-01  6.672272882e-01 
 1.590000000e-08  7.401951319e-01  4.617789727e-01  7.398188360e-01 
 1.790000000e-08  6.663870773e-01  8.785094800e-01  3.223276900e-01 
 1.990000000e-08  3.590611178e-01  3.165395229e-01  8.825564692e-01 
 2.190000000e-08  8.992412044e-01  7.510874561e-01  4.482344436e-01 
 2.390000000e-08  3.868393177e-01  6.538511112e-01  5.472854611e-01 
 2.590000000e-08  6.242387565e-01  3.684712473e-01  8.329866867e-01 
 2.790000000e-08  7.763772408e-01  8.990054169e-01  3.007344180e-01 
 2.990000000e-08  3.081021754e-01  3.777065030e-01  8.211953540e-01 
 3.190000000e-08  8.665804290e-01  6.375224759e-01  5.628373205e-01 
 3.390000000e-08  4.873599882e-01  7.659369339e-01  4.357107930e-01 
 3.590000000e-08  5.043554542e-01  3.124419528e-01  8.881282825e-01 
 3.790000000e-08  8.577821713e-01  8.712065564e-01  3.277593971e-01 
 3.990000000e-08  3.044554771e-01  4.752452135e-01  7.243029721e-01 
 4.190000000e-08  7.907149738e-01  5.178606410e-01  6.834761437e-01 
 4.390000000e-08  6.061364928e-01  8.508018700e-01  3.504885275e-01 
 4.590000000e-08  3.999736877e-01  3.029598167e-01  8.965311847e-01 
 4.790000000e-08  8.974026217e-01  7.997747568e-01  3.992173715e-01 
 4.990000000e-08  3.487117793e-01  5.932162725e-01  6.074215319e-01 
 5.190000000e-08  6.839341463e-01  4.113011288e-01  7.903393094e-01 
 5.390000000e-08  7.239189176e-01  8.947886972e-01  3.055020058e-01 
 5.590000000e-08  3.280146147e-01  3.417945477e-01  8.570939779e-01 
 5.790000000e-08  8.888200616e-01  6.962599670e-01  5.035436906e-01 
 5.990000000e-08  4.336965769e-01  7.122305701e-01  4.892621238e-01 
 6.190000000e-08  5.635505849e-01  3.350546215e-01  8.660259474e-01 
 6.390000000e-08  8.216182185e-01  8.910270222e-01  3.082463428e-01 
 6.590000000e-08  3.001420718e-01  4.228079484e-01  7.763261040e-01 
 6.790000000e-08  8.334238634e-01  5.772412075e-01  6.236590897e-01 
 6.990000000e-08  5.456356362e-01  8.127646684e-01  3.888116213e-01 
 7.190000000e-08  4.490744106e-01  3.015868709e-01  8.984234162e-01 
 1.900000000e-09  7.788303926e-01  8.967884097e-01  3.026655051e-01 
 3.900000000e-09  3.267416153e-01  3.567263442e-01  8.420681977e-01 
 5.900000000e-09  8.990039183e-01  7.270705772e-01  4.724497247e-01 
 7.900000000e-09  3.503878321e-01  6.205711253e-01  5.803988789e-01 
 9.900000000e-09  7.374941409e-01  4.384548266e-01  7.633201450e-01 
 1.190000000e-08  6.091803378e-01  8.644987718e-01  3.366721959e-01 
 1.390000000e-08  4.464521544e-01  3.007936452e-01  8.989414526e-01 
 1.590000000e-08  8.593250237e-01  8.585243871e-01  3.402945022e-01 
 1.790000000e-08  3.000644259e-01  4.455959459e-01  7.536824296e-01 
 1.990000000e-08  8.651691998e-01  6.105633200e-01  5.901248396e-01 
 2.190000000e-08  4.362394551e-01  7.370437176e-01  4.646768845e-01 
 2.390000000e-08  6.212025901e-01  3.523769174e-01  8.490182665e-01 
 2.590000000e-08  7.266840219e-01  8.980537478e-01  3.019712104e-01 
 2.790000000e-08  3.572624521e-01  3.265536237e-01  8.723492872e-01 
 2.990000000e-08  8.977884797e-01  7.787339149e-01  4.203438487e-01 
 3.190000000e-08  3.219999102e-01  5.597745135e-01  6.406153631e-01 
 3.390000000e-08  7.883539817e-01  4.922698377e-01  7.093372626e-01 
 3.590000000e-08  5.486330573e-01  8.309651494e-01  3.706089118e-01 
 3.790000000e-08  5.014737977e-01  3.062116337e-01  8.941140488e-01 
 3.990000000e-08  8.236551699e-01  8.834059493e-01  3.156372640e-01 
 4.190000000e-08  3.074169755e-01  3.969577524e-01  8.019688480e-01 
 4.390000000e-08  8.879846571e-01  6.702471498e-01  5.298405178e-01 
 4.590000000e-08  3.889952434e-01  6.804896395e-01  5.209495562e-01 
 4.790000000e-08  6.810078716e-01  3.911745115e-01  8.105255321e-01 
 4.990000000e-08  6.693524802e-01  8.871583527e-01  3.134666515e-01 
 5.190000000e-08  3.977163636e-01  3.076568888e-01  8.915772658e-01 
 5.390000000e-08  8.843785851e-01  8.231527724e-01  3.756781432e-01 
 5.590000000e-08  3.049929086e-01  5.006285419e-01  6.991652591e-01 
 5.790000000e-08  8.315012014e-01  5.504246219e-01  6.507992517e-01 
 5.990000000e-08  4.901874885e-01  7.878985603e-01  4.138694474e-01 
 6.190000000e-08  5.605305400e-01  3.236545784e-01  8.772560480e-01 
 6.390000000e-08  7.788301076e-01  8.967745738e-01  3.026934069e-01 
 6.590000000e-08  3.267462164e-01  3.567234953e-01  8.420710448e-01 
 6.790000000e-08  8.990047725e-01  7.270700882e-01  4.724502187e-01 
 6.990000000e-08  3.503883864e-01  6.205709764e-01  5.803990279e-01 
 7.190000000e-08  7.374945811e-01  4.384559910e-01  7.633190067e-01 
 1.900000000e-09  7.294382999e-01  8.988412482e-01  3.008837417e-01 
 3.900000000e-09  3.954758171e-01  3.147731307e-01  8.842187473e-01 
 5.900000000e-09  8.608416221e-01  8.437360505e-01  3.549859143e-01 
 7.900000000e-09  3.067590739e-01  4.179049451e-01  7.811143560e-01 
 9.900000000e-09  8.987401330e-01  7.020558849e-01  4.977242852e-01 
 1.190000000e-08  3.231592219e-01  5.870353602e-01  6.136988361e-01 
 1.390000000e-08  8.295546344e-01  5.240427463e-01  6.774950885e-01 
 1.590000000e-08  4.387993950e-01  7.606792812e-01  4.412205208e-01 
 1.790000000e-08  6.780711841e-01  3.727795626e-01  8.289100347e-01 
 1.990000000e-08  6.122231971e-01  8.759661299e-01  3.250190447e-01 
 2.190000000e-08  4.986037958e-01  3.023998696e-01  8.976418671e-01 
 2.390000000e-08  7.812658113e-01  8.920871425e-01  3.071095659e-01 
 2.590000000e-08  3.554841658e-01  3.388315765e-01  8.599180407e-01 
 2.790000000e-08  8.853320204e-01  8.041309623e-01  3.947285514e-01 
 2.990000000e-08  3.000177700e-01  4.696746067e-01  7.298145267e-01 
 3.190000000e-08  8.871123379e-01  6.437007005e-01  5.567149977e-01 
 3.390000000e-08  3.520919663e-01  6.477434054e-01  5.535636925e-01 
 3.590000000e-08  7.859719538e-01  4.675845007e-01  7.342559405e-01 
 3.790000000e-08  4.930276567e-01  8.082472516e-01  3.935755046e-01 
 3.990000000e-08  6.181644778e-01  3.383225316e-01  8.629394064e-01 
 4.190000000e-08  6.723108357e-01  8.934006742e-01  3.069617199e-01 
 4.390000000e-08  4.438432741e-01  3.024707659e-01  8.969761333e-01 
 4.590000000e-08  8.256717225e-01  8.734612771e-01  3.253795744e-01 
 4.790000000e-08  3.255008770e-01  3.736832417e-01  8.250758428e-01 
 4.990000000e-08  8.981389589e-01  7.562590212e-01  4.429730122e-01 
 5.190000000e-08  3.055605907e-01  5.268410797e-01  6.732522124e-01 
 5.390000000e-08  8.637299470e-01  5.835620865e-01  6.174732680e-01 
 5.590000000e-08  3.911673784e-01  7.064306419e-01  4.952874688e-01 
 5.790000000e-08  7.347805320e-01  4.164656830e-01  7.854281618e-01 
 5.990000000e-08  5.516356724e-01  8.472012236e-01  3.542988291e-01 
 6.190000000e-08  5.575137445e-01  3.145284588e-01  8.861527230e-01 
 6.390000000e-08  7.294397175e-01  8.988371763e-01  3.008966603e-01 
 6.590000000e-08  3.954771253e-01  3.147727549e-01  8.842191144e-01 
 6.790000000e-08  8.608431302e-01  8.437376795e-01  3.549842849e-01 
 6.990000000e-08  3.067570361e-01  4.179043923e-01  7.811149051e-01 
 7.190000000e-08  8.987420606e-01  7.020476156e-01  4.977326230e-01 
 1.900000000e-09  6.752615598e-01  8.971877080e-01  3.028771887e-01 
 3.900000000e-09  4.957408698e-01  3.010436611e-01  8.986878073e-01 
 5.900000000e-09  7.321765188e-01  8.971364762e-01  3.022911289e-01 
 7.900000000e-09  4.412525053e-01  3.066043418e-01  8.925563503e-01 
 9.900000000e-09  7.836822045e-01  8.849909602e-01  3.139505170e-01 
 1.190000000e-08  3.932600673e-01  3.242525083e-01  8.745266055e-01 
 1.390000000e-08  8.276666792e-01  8.612717243e-01  3.374083657e-01 
 1.590000000e-08  3.537348858e-01  3.532839327e-01  8.453646008e-01 
 1.790000000e-08  8.623321645e-01  8.269640520e-01  3.717216845e-01 
 1.990000000e-08  3.242836711e-01  3.925274894e-01  8.062628048e-01 
 2.190000000e-08  8.862549992e-01  7.834669013e-01  4.154911984e-01 
 2.390000000e-08  3.061267308e-01  4.403738708e-01  7.588085836e-01 
 2.590000000e-08  8.984667494e-01  7.325402666e-01  4.669140193e-01 
 2.790000000e-08  3.000062578e-01  4.948411469e-01  7.049214678e-01 
 2.990000000e-08  8.984463840e-01  6.762404870e-01  5.238542784e-01 
 3.190000000e-08  3.061577520e-01  5.536638948e-01  6.467735122e-01 
 3.390000000e-08  8.862184617e-01  6.168291248e-01  5.839469375e-01 
 3.590000000e-08  3.243493959e-01  6.143887936e-01  5.867080775e-01 
 3.790000000e-08  8.622670394e-01  5.567145463e-01  6.446720096e-01 
 3.990000000e-08  3.538170077e-01  6.744836293e-01  5.271494989e-01 
 4.190000000e-08  8.275765119e-01  4.983169465e-01  7.035093181e-01 
 4.390000000e-08  3.933689461e-01  7.314496152e-01  4.705084133e-01 
 4.590000000e-08  7.835736778e-01  4.439968465e-01  7.580262152e-01 
 4.790000000e-08  4.413764770e-01  7.829332325e-01  4.190853440e-01 
 4.990000000e-08  7.320528911e-01  3.959974362e-01  8.059475174e-01 
 5.190000000e-08  4.958767735e-01  8.268239337e-01  3.749813961e-01 
 5.390000000e-08  6.751268068e-01  3.562556915e-01  8.453499448e-01 
 5.590000000e-08  5.546434497e-01  8.613411943e-01  3.400129651e-01 
 5.790000000e-08  6.151238857e-01  3.264235495e-01  8.746377778e-01 
 5.990000000e-08  6.152651982e-01  8.851045237e-01  3.156348063e-01 
 6.190000000e-08  5.545021408e-01  3.077546569e-01  8.926464825e-01 
 6.390000000e-08  6.752629729e-01  8.971920763e-01  3.028681092e-01 
 6.590000000e-08  4.957417719e-01  3.010432362e-01  8.986877626e-01 
 6.790000000e-08  7.321774902e-01  8.971365914e-01  3.022910257e-01 
 6.990000000e-08  4.412530354e-01  3.066071858e-01  8.925533822e-01 
 7.190000000e-08  7.836807134e-01  8.849904345e-01  3.139510336e-01 
