 time                v(vi)               v(vo)              
 1.250000000000e-09  3.250445219850e-01  3.248185282735e-01 
 3.250000000000e-09  3.644747630862e-01  3.642531126383e-01 
 5.250000000000e-09  4.012653617659e-01  4.010579338642e-01 
 7.250000000000e-09  4.339100885236e-01  4.337269723660e-01 
 9.250000000000e-09  4.610724627684e-01  4.609231767368e-01 
 1.125000000000e-08  4.816404600178e-01  4.815332198567e-01 
 1.325000000000e-08  4.947720335360e-01  4.947130314482e-01 
 1.525000000000e-08  4.999295980264e-01  4.999223846050e-01 
 1.725000000000e-08  4.969020209132e-01  4.969471400444e-01 
 1.925000000000e-08  4.858132735355e-01  4.859081862389e-01 
 2.125000000000e-08  4.671173490279e-01  4.672566821194e-01 
 2.325000000000e-08  4.415796979644e-01  4.417557694702e-01 
 2.525000000000e-08  4.102457676606e-01  4.104492759406e-01 
 2.725000000000e-08  3.743984257323e-01  3.746192685718e-01 
 2.925000000000e-08  3.355052861672e-01  3.357332047055e-01 
 3.125000000000e-08  2.951585055520e-01  2.953836662718e-01 
 3.325000000000e-08  2.550099973535e-01  2.552235436059e-01 
 3.525000000000e-08  2.167033096895e-01  2.168974345794e-01 
 3.725000000000e-08  1.818067791467e-01  1.819750519871e-01 
 3.925000000000e-08  1.517490354776e-01  1.518862808163e-01 
 4.125000000000e-08  1.277606399405e-01  1.278629466310e-01 
 4.325000000000e-08  1.108236865317e-01  1.108883205789e-01 
 4.525000000000e-08  1.016315929335e-01  1.016569260235e-01 
 4.725000000000e-08  1.005607090429e-01  1.005461679703e-01 
 4.925000000000e-08  1.076548908761e-01  1.076009029565e-01 
 5.125000000000e-08  1.226237711296e-01  1.225318225258e-01 
 5.325000000000e-08  1.448544964255e-01  1.447271002855e-01 
 5.525000000000e-08  1.734369608238e-01  1.732777546293e-01 
 5.725000000000e-08  2.072009856148e-01  2.070147819659e-01 
 5.925000000000e-08  2.447642679221e-01  2.445571776350e-01 
 6.125000000000e-08  2.845889270696e-01  2.843682224182e-01 
 6.325000000000e-08  3.250445217773e-01  3.248186352698e-01 
 6.525000000000e-08  3.644747638161e-01  3.642531116092e-01 
 6.725000000000e-08  4.012653581389e-01  4.010579180465e-01 
 6.925000000000e-08  4.339100884997e-01  4.337269721388e-01 
 7.125000000000e-08  4.610724631838e-01  4.609231763376e-01 
 1.250000000000e-09  3.496947780839e-01  3.492474028554e-01 
 3.250000000000e-09  4.220649461299e-01  4.216794176377e-01 
 5.250000000000e-09  4.746498434838e-01  4.744020423222e-01 
 7.250000000000e-09  4.989264010519e-01  4.988715318577e-01 
 9.250000000000e-09  4.909600584526e-01  4.911123906065e-01 
 1.125000000000e-08  4.520423508855e-01  4.523689335305e-01 
 1.325000000000e-08  3.884813691203e-01  3.889138325578e-01 
 1.525000000000e-08  3.105792540849e-01  3.110360860877e-01 
 1.725000000000e-08  2.309624418831e-01  2.313692401944e-01 
 1.925000000000e-08  1.625352380331e-01  1.628358800694e-01 
 2.125000000000e-08  1.163884444596e-01  1.165476765980e-01 
 2.325000000000e-08  1.000018650680e-01  1.000035369589e-01 
 2.525000000000e-08  1.160318891077e-01  1.158768933336e-01 
 2.725000000000e-08  1.618806631804e-01  1.615864684903e-01 
 2.925000000000e-08  2.301168999878e-01  2.297187855856e-01 
 3.125000000000e-08  3.096803367856e-01  3.092325851173e-01 
 3.325000000000e-08  3.876746082939e-01  3.872485124976e-01 
 3.525000000000e-08  4.514577999814e-01  4.511323636399e-01 
 3.725000000000e-08  4.906916157237e-01  4.905355836201e-01 
 3.925000000000e-08  4.990171047186e-01  4.990670765000e-01 
 4.125000000000e-08  4.750851635055e-01  4.753314060571e-01 
 4.325000000000e-08  4.227750316429e-01  4.231644537739e-01 
 4.525000000000e-08  3.505653636841e-01  3.510201333213e-01 
 4.725000000000e-08  2.701601354012e-01  2.706002821705e-01 
 4.925000000000e-08  1.945911720152e-01  1.949505818711e-01 
 5.125000000000e-08  1.361070023556e-01  1.363400893918e-01 
 5.325000000000e-08  1.041868722805e-01  1.042682461447e-01 
 5.525000000000e-08  1.040048133130e-01  1.039270164601e-01 
 5.725000000000e-08  1.355907461255e-01  1.353629096524e-01 
 5.925000000000e-08  1.938253279992e-01  1.934736022994e-01 
 6.125000000000e-08  2.692695569455e-01  2.688386624306e-01 
 6.325000000000e-08  3.496947643110e-01  3.492481287736e-01 
 6.525000000000e-08  4.220649417115e-01  4.216794249969e-01 
 6.725000000000e-08  4.746498362903e-01  4.744020463625e-01 
 6.925000000000e-08  4.989264012106e-01  4.988715319119e-01 
 7.125000000000e-08  4.909600609028e-01  4.911123882965e-01 
 1.250000000000e-09  3.735623730102e-01  3.729092690892e-01 
 3.250000000000e-09  4.666202297245e-01  4.662025373594e-01 
 5.250000000000e-09  4.999480880816e-01  4.999620995640e-01 
 7.250000000000e-09  4.616002218411e-01  4.620468539962e-01 
 9.250000000000e-09  3.653242890163e-01  3.659997389264e-01 
 1.125000000000e-08  2.456321673909e-01  2.462673787959e-01 
 1.325000000000e-08  1.454284236952e-01  1.458200167847e-01 
 1.525000000000e-08  1.006331213597e-01  1.006819403065e-01 
 1.725000000000e-08  1.273053643893e-01  1.270048800340e-01 
 1.925000000000e-08  2.158854425044e-01  2.153146703937e-01 
 2.125000000000e-08  3.346192184454e-01  3.339484928326e-01 
 2.325000000000e-08  4.409421377218e-01  4.404183981041e-01 
 2.525000000000e-08  4.967396987915e-01  4.965979650162e-01 
 2.725000000000e-08  4.820111228366e-01  4.823280695573e-01 
 2.925000000000e-08  4.020375595677e-01  4.026669107623e-01 
 3.125000000000e-08  2.854873315386e-01  2.861633896036e-01 
 3.325000000000e-08  1.741392162759e-01  1.746281347149e-01 
 3.525000000000e-08  1.079072972997e-01  1.080753217083e-01 
 3.725000000000e-08  1.105347746454e-01  1.103462656162e-01 
 3.925000000000e-08  1.810813898611e-01  1.805863668911e-01 
 4.125000000000e-08  2.942586608366e-01  2.935967127862e-01 
 4.325000000000e-08  4.094936600724e-01  4.088914302525e-01 
 4.525000000000e-08  4.854767415090e-01  4.851884433007e-01 
 4.725000000000e-08  4.949706158919e-01  4.951405705549e-01 
 4.925000000000e-08  4.345735322619e-01  4.351258567973e-01 
 5.125000000000e-08  3.259367360053e-01  3.266271683037e-01 
 5.325000000000e-08  2.080024907701e-01  2.085739051723e-01 
 5.525000000000e-08  1.230456758961e-01  1.233290646526e-01 
 5.725000000000e-08  1.015210387726e-01  1.014499836916e-01 
 5.925000000000e-08  1.511463128257e-01  1.507426244179e-01 
 6.125000000000e-08  2.541331351170e-01  2.535055276363e-01 
 6.325000000000e-08  3.735623489754e-01  3.729110562254e-01 
 6.525000000000e-08  4.666202484278e-01  4.662025285660e-01 
 6.725000000000e-08  4.999480873532e-01  4.999620977458e-01 
 6.925000000000e-08  4.616002092254e-01  4.620468664444e-01 
 7.125000000000e-08  3.653244055436e-01  3.659998682393e-01 
 1.250000000000e-09  3.962712272133e-01  3.954392013961e-01 
 3.250000000000e-09  4.933825630001e-01  4.931169657348e-01 
 5.250000000000e-09  4.701964195198e-01  4.707283842515e-01 
 7.250000000000e-09  3.411394093332e-01  3.420603948648e-01 
 9.250000000000e-09  1.864916904511e-01  1.871917278184e-01 
 1.125000000000e-08  1.024506976721e-01  1.025777637927e-01 
 1.325000000000e-08  1.412978603884e-01  1.408112295316e-01 
 1.525000000000e-08  2.788713812327e-01  2.780058408753e-01 
 1.725000000000e-08  4.295881495474e-01  4.288486154085e-01 
 1.925000000000e-08  4.996894660596e-01  4.996272960932e-01 
 2.125000000000e-08  4.455710531883e-01  4.462579260547e-01 
 2.325000000000e-08  3.009006067911e-01  3.018176838116e-01 
 2.525000000000e-08  1.556693659283e-01  1.562458840845e-01 
 2.725000000000e-08  1.002183668815e-01  1.001850152086e-01 
 2.925000000000e-08  1.690455036701e-01  1.684311081649e-01 
 3.125000000000e-08  3.193379294095e-01  3.184476814294e-01 
 3.325000000000e-08  4.575994963655e-01  4.569868938487e-01 
 3.525000000000e-08  4.978210873732e-01  4.979676852482e-01 
 3.725000000000e-08  4.149862705723e-01  4.157920746248e-01 
 3.925000000000e-08  2.606247165529e-01  2.615003837365e-01 
 4.125000000000e-08  1.307556825784e-01  1.311923329646e-01 
 4.325000000000e-08  1.061651774018e-01  1.059733375002e-01 
 4.525000000000e-08  2.021546811289e-01  2.014314470955e-01 
 4.725000000000e-08  3.590126377489e-01  3.581339112611e-01 
 4.925000000000e-08  4.791584960168e-01  4.787062170068e-01 
 5.125000000000e-08  4.878540111924e-01  4.882025454107e-01 
 5.325000000000e-08  3.796941271570e-01  3.805784223372e-01 
 5.525000000000e-08  2.219608306860e-01  2.227624129427e-01 
 5.725000000000e-08  1.127706746885e-01  1.130558497919e-01 
 5.925000000000e-08  1.200477660327e-01  1.197034194720e-01 
 6.125000000000e-08  2.392698380247e-01  2.384613768467e-01 
 6.325000000000e-08  3.962711933745e-01  3.954424211428e-01 
 6.525000000000e-08  4.933825689401e-01  4.931169666275e-01 
 6.725000000000e-08  4.701963429796e-01  4.707283282491e-01 
 6.925000000000e-08  3.411394487435e-01  3.420603391694e-01 
 7.125000000000e-08  1.864917121978e-01  1.871916394575e-01 
 1.250000000000e-09  4.174635359926e-01  4.164902360874e-01 
 3.250000000000e-09  4.994945462685e-01  4.995767506315e-01 
 5.250000000000e-09  3.935892562859e-01  3.946648123366e-01 
 7.250000000000e-09  1.995191828089e-01  2.004508776949e-01 
 9.250000000000e-09  1.001045482388e-01  1.001402762768e-01 
 1.125000000000e-08  1.890064136354e-01  1.881526793276e-01 
 1.325000000000e-08  3.824760370534e-01  3.814151794476e-01 
 1.525000000000e-08  4.982428320416e-01  4.980658674733e-01 
 1.725000000000e-08  4.272503350196e-01  4.282067119800e-01 
 1.925000000000e-08  2.363829896884e-01  2.374296442059e-01 
 2.125000000000e-08  1.054437431489e-01  1.056802169905e-01 
 2.325000000000e-08  1.577889657677e-01  1.570802327911e-01 
 2.525000000000e-08  3.441121083912e-01  3.430071916368e-01 
 2.725000000000e-08  4.888750344510e-01  4.884515682003e-01 
 2.925000000000e-08  4.557020495051e-01  4.564905043760e-01 
 3.125000000000e-08  2.758511671987e-01  2.769751343107e-01 
 3.325000000000e-08  1.187479992650e-01  1.191804419739e-01 
 3.525000000000e-08  1.323939852435e-01  1.318521634514e-01 
 3.725000000000e-08  3.039419189068e-01  3.028399101506e-01 
 3.925000000000e-08  4.717745615373e-01  4.711305141954e-01 
 4.125000000000e-08  4.777795711007e-01  4.783587173995e-01 
 4.325000000000e-08  3.163078164034e-01  3.174655634117e-01 
 4.525000000000e-08  1.394725179314e-01  1.400903496284e-01 
 4.725000000000e-08  1.138610407839e-01  1.135023095277e-01 
 4.925000000000e-08  2.636101489119e-01  2.625542455609e-01 
 5.125000000000e-08  4.476414037260e-01  4.468132758234e-01 
 5.325000000000e-08  4.925790569123e-01  4.929182691205e-01 
 5.525000000000e-08  3.560967676030e-01  3.572394755761e-01 
 5.725000000000e-08  1.667687606090e-01  1.675552087008e-01 
 5.925000000000e-08  1.029491025144e-01  1.027846926089e-01 
 6.125000000000e-08  2.247681312550e-01  2.237966640332e-01 
 6.325000000000e-08  4.174634921929e-01  4.164951177231e-01 
 6.525000000000e-08  4.994945463757e-01  4.995767495641e-01 
 6.725000000000e-08  3.935892260236e-01  3.946648539614e-01 
 6.925000000000e-08  1.995191831404e-01  2.004508784720e-01 
 7.125000000000e-08  1.001045315120e-01  1.001402551472e-01 
 1.250000000000e-09  4.368053413509e-01  4.357387191099e-01 
 3.250000000000e-09  4.843047815525e-01  4.848904994041e-01 
 5.250000000000e-09  2.912205910523e-01  2.925959486922e-01 
 7.250000000000e-09  1.095943821900e-01  1.099713355300e-01 
 9.250000000000e-09  1.765189624397e-01  1.755581582162e-01 
 1.125000000000e-08  4.046403744378e-01  4.034343004532e-01 
 1.325000000000e-08  4.961581873961e-01  4.964464455748e-01 
 1.525000000000e-08  3.316173804680e-01  3.330105203879e-01 
 1.725000000000e-08  1.258037127511e-01  1.264129614912e-01 
 1.925000000000e-08  1.473789695651e-01  1.466023953272e-01 
 2.125000000000e-08  3.681911196950e-01  3.668962732891e-01 
 2.325000000000e-08  4.999810822527e-01  4.999588425609e-01 
 2.525000000000e-08  3.707197072553e-01  3.720694108132e-01 
 2.725000000000e-08  1.491441986590e-01  1.499699745380e-01 
 2.925000000000e-08  1.244877011232e-01  1.239193668806e-01 
 3.125000000000e-08  3.289493846066e-01  3.276231019810e-01 
 3.325000000000e-08  4.956168694098e-01  4.952889259769e-01 
 3.525000000000e-08  4.069269236523e-01  4.081703652987e-01 
 3.725000000000e-08  1.786604753816e-01  1.796794834106e-01 
 3.925000000000e-08  1.087823182527e-01  1.084398019322e-01 
 4.125000000000e-08  2.885229123438e-01  2.872195836706e-01 
 4.325000000000e-08  4.832439399204e-01  4.826320766191e-01 
 4.525000000000e-08  4.387567716553e-01  4.398326398035e-01 
 4.725000000000e-08  2.131439993393e-01  2.143247672392e-01 
 4.925000000000e-08  1.009056871683e-01  1.008001836349e-01 
 5.125000000000e-08  2.485658742449e-01  2.473351074543e-01 
 5.325000000000e-08  4.633689837134e-01  4.625094301316e-01 
 5.525000000000e-08  4.649062379381e-01  4.657593102790e-01 
 5.725000000000e-08  2.511831152971e-01  2.524853981508e-01 
 5.925000000000e-08  1.011801893690e-01  1.013166880021e-01 
 6.125000000000e-08  2.107146313492e-01  2.096003101603e-01 
 6.325000000000e-08  4.368053026590e-01  4.357452879780e-01 
 6.525000000000e-08  4.843047852904e-01  4.848904828486e-01 
 6.725000000000e-08  2.912205620332e-01  2.925959934636e-01 
 6.925000000000e-08  1.095943765210e-01  1.099713488160e-01 
 7.125000000000e-08  1.765189704305e-01  1.755582708272e-01 
 1.250000000000e-09  4.539919106952e-01  4.528890057978e-01 
 3.250000000000e-09  4.494370510060e-01  4.505970055031e-01 
 5.250000000000e-09  1.912735419505e-01  1.925452633891e-01 
 7.250000000000e-09  1.176261129946e-01  1.170612931655e-01 
 9.250000000000e-09  3.535008073530e-01  3.519734065537e-01 
 1.125000000000e-08  4.985701539103e-01  4.987662133706e-01 
 1.325000000000e-08  3.066414339126e-01  3.082656882999e-01 
 1.525000000000e-08  1.034388890020e-01  1.037079896785e-01 
 1.725000000000e-08  2.338281753872e-01  2.324401998736e-01 
 1.925000000000e-08  4.765231655120e-01  4.756960264964e-01 
 2.125000000000e-08  4.196276892504e-01  4.210102542139e-01 
 2.325000000000e-08  1.597130505808e-01  1.607715570107e-01 
 2.525000000000e-08  1.378775189259e-01  1.370609537237e-01 
 2.725000000000e-08  3.911952881210e-01  3.897460864502e-01 
 2.925000000000e-08  4.897332455986e-01  4.902835809627e-01 
 3.125000000000e-08  2.662729092757e-01  2.678369552987e-01 
 3.325000000000e-08  1.000471057365e-01  1.000325810355e-01 
 3.525000000000e-08  2.731727628250e-01  2.716809452710e-01 
 3.725000000000e-08  4.918272030025e-01  4.913151198699e-01 
 3.925000000000e-08  3.849210762506e-01  3.864572258879e-01 
 4.125000000000e-08  1.338954534498e-01  1.347096645220e-01 
 4.325000000000e-08  1.647667262743e-01  1.637240459787e-01 
 4.525000000000e-08  4.251557552706e-01  4.238514885646e-01 
 4.725000000000e-08  4.731288790627e-01  4.740065514077e-01 
 4.925000000000e-08  2.272848925418e-01  2.287284593059e-01 
 5.125000000000e-08  1.048415531258e-01  1.045465580233e-01 
 5.325000000000e-08  3.136156115450e-01  3.120753767120e-01 
 5.525000000000e-08  4.992779128820e-01  4.991130359104e-01 
 5.725000000000e-08  3.467379662194e-01  3.483544624923e-01 
 5.925000000000e-08  1.148778376456e-01  1.154259245470e-01 
 6.125000000000e-08  1.971928201607e-01  1.959570617021e-01 
 6.325000000000e-08  4.539918867769e-01  4.528970691154e-01 
 6.525000000000e-08  4.494370553906e-01  4.505969788251e-01 
 6.725000000000e-08  1.912735690647e-01  1.925451301216e-01 
 6.925000000000e-08  1.176261278908e-01  1.170613807054e-01 
 7.125000000000e-08  3.535008079858e-01  3.519734009351e-01 
 1.250000000000e-09  4.687524828366e-01  4.676779362674e-01 
 3.250000000000e-09  3.986163274928e-01  4.003127058872e-01 
 5.250000000000e-09  1.212625786603e-01  1.220115838156e-01 
 7.250000000000e-09  2.194848489703e-01  2.179593943853e-01 
 9.250000000000e-09  4.868967394852e-01  4.861706123092e-01 
 1.125000000000e-08  3.615795572684e-01  3.634020511923e-01 
 1.325000000000e-08  1.068672498706e-01  1.073006925930e-01 
 1.525000000000e-08  2.579829055077e-01  2.563178897673e-01 
 1.725000000000e-08  4.973892564843e-01  4.970460574358e-01 
 1.925000000000e-08  3.220218821342e-01  3.238864913532e-01 
 2.125000000000e-08  1.003783875214e-01  1.004872699992e-01 
 2.325000000000e-08  2.982011654588e-01  2.964570751478e-01 
 2.525000000000e-08  4.998006833067e-01  4.998645691265e-01 
 2.725000000000e-08  2.815625603904e-01  2.833888046199e-01 
 2.925000000000e-08  1.020622790913e-01  1.018470407907e-01 
 3.125000000000e-08  3.384924152108e-01  3.367368764110e-01 
 3.325000000000e-08  4.940325029438e-01  4.945053394147e-01 
 3.525000000000e-08  2.418577401508e-01  2.435726638787e-01 
 3.725000000000e-08  1.118500732499e-01  1.113199434097e-01 
 3.925000000000e-08  3.772082516196e-01  3.755140849642e-01 
 4.125000000000e-08  4.803210170176e-01  4.811814868837e-01 
 4.325000000000e-08  2.045332076567e-01  2.060736867937e-01 
 4.525000000000e-08  1.293412122569e-01  1.285140197406e-01 
 4.725000000000e-08  4.127622287209e-01  4.112048763491e-01 
 4.925000000000e-08  4.592276651282e-01  4.604326289987e-01 
 5.125000000000e-08  1.711160793629e-01  1.724293989605e-01 
 5.325000000000e-08  1.538196672073e-01  1.527216715697e-01 
 5.525000000000e-08  4.436991334252e-01  4.423531788045e-01 
 5.725000000000e-08  4.316159637228e-01  4.331040337366e-01 
 5.925000000000e-08  1.429752856494e-01  1.440209842667e-01 
 6.125000000000e-08  1.842833160896e-01  1.829496617640e-01 
 6.325000000000e-08  4.687524914587e-01  4.676870288352e-01 
 6.525000000000e-08  3.986163345971e-01  4.003126652352e-01 
 6.725000000000e-08  1.212625818574e-01  1.220115744526e-01 
 6.925000000000e-08  2.194848404386e-01  2.179592919268e-01 
 7.125000000000e-08  4.868967422389e-01  4.861706084272e-01 
 1.250000000000e-09  4.808546858594e-01  4.798786204485e-01 
 3.250000000000e-09  3.372702195822e-01  3.393608869813e-01 
 5.250000000000e-09  1.004610228523e-01  1.003584604224e-01 
 7.250000000000e-09  3.627626611253e-01  3.608245338561e-01 
 9.250000000000e-09  4.680702733985e-01  4.692789913926e-01 
 1.125000000000e-08  1.529888222943e-01  1.542906548053e-01 
 1.325000000000e-08  2.056213188755e-01  2.039800969221e-01 
 1.525000000000e-08  4.943265098907e-01  4.937721429839e-01 
 1.725000000000e-08  2.969607682676e-01  2.990443813495e-01 
 1.925000000000e-08  1.071939232304e-01  1.067307013047e-01 
 2.125000000000e-08  3.996985488702e-01  3.978826566491e-01 
 2.325000000000e-08  4.428204424497e-01  4.443763637303e-01 
 2.525000000000e-08  1.287105087687e-01  1.296887887944e-01 
 2.725000000000e-08  2.430438247938e-01  2.412230624618e-01 
 2.925000000000e-08  4.998425623890e-01  4.997362544052e-01 
 3.125000000000e-08  2.567754877493e-01  2.587659097160e-01 
 3.325000000000e-08  1.218208483640e-01  1.210137232328e-01 
 3.525000000000e-08  4.325521038060e-01  4.309426224334e-01 
 3.725000000000e-08  4.117238627769e-01  4.135491609402e-01 
 3.925000000000e-08  1.114443865134e-01  1.120731178430e-01 
 4.125000000000e-08  2.827982236049e-01  2.808629027794e-01 
 4.325000000000e-08  4.971772512412e-01  4.975310742072e-01 
 4.525000000000e-08  2.183594403953e-01  2.201802884260e-01 
 4.725000000000e-08  1.437430501890e-01  1.426184722437e-01 
 4.925000000000e-08  4.599783852951e-01  4.586550996841e-01 
 5.125000000000e-08  3.760537733794e-01  3.780587829619e-01 
 5.325000000000e-08  1.018975190856e-01  1.021623576712e-01 
 5.525000000000e-08  3.232567020633e-01  3.212801038073e-01 
 5.725000000000e-08  4.864399229685e-01  4.872404888543e-01 
 5.925000000000e-08  1.832852783992e-01  1.848722143728e-01 
 6.125000000000e-08  1.720630260914e-01  1.706570349109e-01 
 6.325000000000e-08  4.808547042107e-01  4.798880444867e-01 
 6.525000000000e-08  3.372702488885e-01  3.393608004657e-01 
 6.725000000000e-08  1.004610084295e-01  1.003584381291e-01 
 6.925000000000e-08  3.627626563099e-01  3.608245486079e-01 
 7.125000000000e-08  4.680702932446e-01  4.692789581981e-01 
 1.250000000000e-09  4.901078199609e-01  4.893039024027e-01 
 3.250000000000e-09  2.719493622992e-01  2.742134260494e-01 
 5.250000000000e-09  1.345967880959e-01  1.334756585204e-01 
 7.250000000000e-09  4.737372068529e-01  4.725068979107e-01 
 9.250000000000e-09  3.123759879558e-01  3.147057019478e-01 
 1.125000000000e-08  1.153611889495e-01  1.146062887765e-01 
 1.325000000000e-08  4.502532378339e-01  4.486559044150e-01 
 1.525000000000e-08  3.522957201297e-01  3.545918803863e-01 
 1.725000000000e-08  1.036853864816e-01  1.033223527197e-01 
 1.925000000000e-08  4.206173001460e-01  4.187350406020e-01 
 2.125000000000e-08  3.900744544937e-01  3.922330978475e-01 
 2.325000000000e-08  1.000472301516e-01  1.000906309615e-01 
 2.525000000000e-08  3.860425814465e-01  3.839657402089e-01 
 2.725000000000e-08  4.241657704253e-01  4.260841913942e-01 
 2.925000000000e-08  1.045953854326e-01  1.050484117749e-01 
 3.125000000000e-08  3.479445582191e-01  3.457664443680e-01 
 3.325000000000e-08  4.531742707025e-01  4.547578061671e-01 
 3.525000000000e-08  1.171433488965e-01  1.179974053095e-01 
 3.725000000000e-08  3.078829479174e-01  3.056949746363e-01 
 3.925000000000e-08  4.759123517390e-01  4.770820016665e-01 
 4.125000000000e-08  1.371771333122e-01  1.384111057865e-01 
 4.325000000000e-08  2.674985403773e-01  2.653871576979e-01 
 4.525000000000e-08  4.914492570228e-01  4.921472961202e-01 
 4.725000000000e-08  1.638764916080e-01  1.654554707881e-01 
 4.925000000000e-08  2.284445009193e-01  2.264878999823e-01 
 5.125000000000e-08  4.991487947490e-01  4.993435882362e-01 
 5.325000000000e-08  1.961480787790e-01  1.980234338522e-01 
 5.525000000000e-08  1.923201890172e-01  1.905874278835e-01 
 5.725000000000e-08  4.986955896980e-01  4.983834897302e-01 
 5.925000000000e-08  2.326708687108e-01  2.347789544400e-01 
 6.125000000000e-08  1.606047265353e-01  1.591539468639e-01 
 6.325000000000e-08  4.901079854587e-01  4.893126834867e-01 
 6.525000000000e-08  2.719494025238e-01  2.742133157541e-01 
 6.725000000000e-08  1.345967767540e-01  1.334756054926e-01 
 6.925000000000e-08  4.737372054851e-01  4.725068989223e-01 
 7.125000000000e-08  3.123759877468e-01  3.147056852446e-01 
 1.250000000000e-09  4.963665029879e-01  4.958089241538e-01 
 3.250000000000e-09  2.096277897468e-01  2.118017788459e-01 
 5.250000000000e-09  2.142719353871e-01  2.122022262050e-01 
 7.250000000000e-09  4.953193469470e-01  4.958730840790e-01 
 9.250000000000e-09  1.466120946820e-01  1.481250402308e-01 
 1.125000000000e-08  2.924636264915e-01  2.900771443651e-01 
 1.325000000000e-08  4.626159986289e-01  4.641846927023e-01 
 1.525000000000e-08  1.084557976030e-01  1.091284654063e-01 
 1.725000000000e-08  3.718756829344e-01  3.695385734111e-01 
 1.925000000000e-08  4.035579878706e-01  4.058370598092e-01 
 2.125000000000e-08  1.013452966435e-01  1.011163905762e-01 
 2.325000000000e-08  4.396349457986e-01  4.377506971771e-01 
 2.525000000000e-08  3.277165216070e-01  3.302758670588e-01 
 2.725000000000e-08  1.264353709030e-01  1.253497194762e-01 
 2.925000000000e-08  4.847589075974e-01  4.836959245216e-01 
 3.125000000000e-08  2.473815232687e-01  2.497791094991e-01 
 3.325000000000e-08  1.796606116210e-01  1.778624853231e-01 
 3.525000000000e-08  4.999355368759e-01  4.999331251723e-01 
 3.725000000000e-08  1.755732993977e-01  1.774469415472e-01 
 3.925000000000e-08  2.523932608646e-01  2.501237449271e-01 
 4.125000000000e-08  4.827073042998e-01  4.837945370707e-01 
 4.325000000000e-08  1.239299972724e-01  1.250375388966e-01 
 4.525000000000e-08  3.328422297491e-01  3.304310257844e-01 
 4.725000000000e-08  4.358678987384e-01  4.378404635574e-01 
 4.925000000000e-08  1.008233092712e-01  1.010459677763e-01 
 5.125000000000e-08  4.079657799405e-01  4.058047853393e-01 
 5.325000000000e-08  3.670087543212e-01  3.694848167794e-01 
 5.525000000000e-08  1.100005889935e-01  1.093313286578e-01 
 5.725000000000e-08  4.655867252336e-01  4.640728888449e-01 
 5.925000000000e-08  2.872888785288e-01  2.898189302188e-01 
 6.125000000000e-08  1.499766134316e-01  1.485105558858e-01 
 6.325000000000e-08  4.963667435795e-01  4.958158947637e-01 
 6.525000000000e-08  2.096278406562e-01  2.118016380837e-01 
 6.725000000000e-08  2.142718929691e-01  2.122019401894e-01 
 6.925000000000e-08  4.953192930055e-01  4.958730282312e-01 
 7.125000000000e-08  1.466120871004e-01  1.481250598675e-01 
 1.250000000000e-09  4.995324174833e-01  4.992933878127e-01 
 3.250000000000e-09  1.569588589535e-01  1.587713409850e-01 
 5.250000000000e-09  3.175456292364e-01  3.149112286389e-01 
 7.250000000000e-09  4.164241614532e-01  4.187865633784e-01 
 9.250000000000e-09  1.057712241521e-01  1.052223023450e-01 
 1.125000000000e-08  4.783111950588e-01  4.769568408822e-01 
 1.325000000000e-08  2.236440817835e-01  2.261215553608e-01 
 1.525000000000e-08  2.375723388352e-01  2.351653319146e-01 
 1.725000000000e-08  4.710895189669e-01  4.725997377948e-01 
 1.925000000000e-08  1.027845431252e-01  1.032192214808e-01 
 2.125000000000e-08  4.281868615913e-01  4.260059118493e-01 
 2.325000000000e-08  3.027027899330e-01  3.054852611980e-01 
 2.525000000000e-08  1.677180156839e-01  1.658834345944e-01 
 2.725000000000e-08  4.980271124066e-01  4.983961742533e-01 
 2.925000000000e-08  1.317637244881e-01  1.331506873016e-01 
 3.125000000000e-08  3.572818365849e-01  3.546881700576e-01 
 3.325000000000e-08  3.813217096113e-01  3.839472207627e-01 
 3.525000000000e-08  1.193073490427e-01  1.182907505629e-01 
 3.725000000000e-08  4.928701000416e-01  4.920501694774e-01 
 3.925000000000e-08  1.880093669801e-01  1.901911812773e-01 
 4.125000000000e-08  2.770901348021e-01  2.745207060065e-01 
 4.325000000000e-08  4.467607262022e-01  4.487457207936e-01 
 4.525000000000e-08  1.001874878337e-01  1.001269170540e-01 
 4.725000000000e-08  4.564519477458e-01  4.546376847456e-01 
 4.925000000000e-08  2.624040721293e-01  2.650868877902e-01 
 5.125000000000e-08  2.006104229101e-01  1.984523498108e-01 
 5.325000000000e-08  4.884147571477e-01  4.893765274615e-01 
 5.525000000000e-08  1.134556929283e-01  1.143779862062e-01 
 5.725000000000e-08  3.946729901108e-01  3.922302992320e-01 
 5.925000000000e-08  3.428902397537e-01  3.456559316687e-01 
 6.125000000000e-08  1.402415094222e-01  1.387917891877e-01 
 6.325000000000e-08  4.995328557702e-01  4.992972614178e-01 
 6.525000000000e-08  1.569588474811e-01  1.587713083038e-01 
 6.725000000000e-08  3.175456289931e-01  3.149112728455e-01 
 6.925000000000e-08  4.164241898571e-01  4.187865092599e-01 
 7.125000000000e-08  1.057711692833e-01  1.052221522471e-01 
 1.250000000000e-09  4.995560907207e-01  4.997029843498e-01 
 3.250000000000e-09  1.195651551627e-01  1.207650793367e-01 
 5.250000000000e-09  4.159772298940e-01  4.134928905715e-01 
 7.250000000000e-09  2.776489839535e-01  2.806071872028e-01 
 9.250000000000e-09  2.231240265165e-01  2.206031734419e-01 
 1.125000000000e-08  4.567792534899e-01  4.587338948038e-01 
 1.325000000000e-08  1.026977357412e-01  1.023039463081e-01 
 1.525000000000e-08  4.882264117366e-01  4.871099252854e-01 
 1.725000000000e-08  1.681558476075e-01  1.702838915862e-01 
 1.925000000000e-08  3.423492505359e-01  3.395058906683e-01 
 2.125000000000e-08  3.578076046609e-01  3.607524541416e-01 
 2.325000000000e-08  1.565634748448e-01  1.547236677023e-01 
 2.525000000000e-08  4.930008355945e-01  4.937949535804e-01 
 2.725000000000e-08  1.059191124097e-01  1.065975230408e-01 
 2.925000000000e-08  4.463873088691e-01  4.442588670419e-01 
 3.125000000000e-08  2.381134577098e-01  2.408939845862e-01 
 3.325000000000e-08  2.618541918021e-01  2.591207401368e-01 
 3.525000000000e-08  4.285964495618e-01  4.310020604984e-01 
 3.725000000000e-08  1.132550591540e-01  1.123423630825e-01 
 3.925000000000e-08  4.979432974988e-01  4.974408841004e-01 
 4.125000000000e-08  1.405978514604e-01  1.422869477419e-01 
 4.325000000000e-08  3.808180531227e-01  3.780941305780e-01 
 4.525000000000e-08  3.180991116229e-01  3.211152579470e-01 
 4.725000000000e-08  1.875411580112e-01  1.853226746281e-01 
 4.925000000000e-08  4.785443948691e-01  4.799524243298e-01 
 5.125000000000e-08  1.002187479270e-01  1.003605368670e-01 
 5.325000000000e-08  4.708034704496e-01  4.691368515172e-01 
 5.525000000000e-08  2.011108035865e-01  2.036087759511e-01 
 5.725000000000e-08  3.021458843974e-01  2.993015038884e-01 
 5.925000000000e-08  3.951495756394e-01  3.978894908260e-01 
 6.125000000000e-08  1.314587888892e-01  1.300592369449e-01 
 6.325000000000e-08  4.995566998585e-01  4.997023901138e-01 
 6.525000000000e-08  1.195651691020e-01  1.207651963320e-01 
 6.725000000000e-08  4.159765215996e-01  4.134924121363e-01 
 6.925000000000e-08  2.776489866117e-01  2.806071996578e-01 
 7.125000000000e-08  2.231240320573e-01  2.206032085580e-01 
 1.250000000000e-09  4.964376266608e-01  4.970303329585e-01 
 3.250000000000e-09  1.014388210787e-01  1.018162245749e-01 
 5.250000000000e-09  4.824635588453e-01  4.810256671454e-01 
 7.250000000000e-09  1.503796074177e-01  1.523899678984e-01 
 9.250000000000e-09  4.030787434445e-01  4.002878733324e-01 
 1.125000000000e-08  2.529495638041e-01  2.560275838888e-01 
 1.325000000000e-08  2.867346559747e-01  2.836971257968e-01 
 1.525000000000e-08  3.723794513572e-01  3.754718620928e-01 
 1.725000000000e-08  1.751426524877e-01  1.728947300738e-01 
 1.925000000000e-08  4.658640930912e-01  4.677443601868e-01 
 2.125000000000e-08  1.083146930389e-01  1.075418966040e-01 
 2.325000000000e-08  4.998990616711e-01  4.997845766507e-01 
 2.525000000000e-08  1.102082964984e-01  1.111603294162e-01 
 2.725000000000e-08  4.622803547327e-01  4.602837776529e-01 
 2.925000000000e-08  1.801365695643e-01  1.825925474987e-01 
 3.125000000000e-08  3.664835351837e-01  3.634822221076e-01 
 3.325000000000e-08  2.930252711922e-01  2.962440461951e-01 
 3.525000000000e-08  2.468465300112e-01  2.439710004729e-01 
 3.725000000000e-08  4.084098964003e-01  4.112262614061e-01 
 3.925000000000e-08  1.462634446354e-01  1.444520497531e-01 
 4.125000000000e-08  4.849363677496e-01  4.861987275897e-01 
 4.325000000000e-08  1.007987611996e-01  1.005954262864e-01 
 4.525000000000e-08  4.951763487936e-01  4.943758402598e-01 
 4.725000000000e-08  1.267480697282e-01  1.282509965407e-01 
 4.925000000000e-08  4.354527968622e-01  4.329996858747e-01 
 5.125000000000e-08  2.147992583885e-01  2.176170065678e-01 
 5.325000000000e-08  3.271653936615e-01  3.240825775936e-01 
 5.525000000000e-08  3.333860627158e-01  3.366120512518e-01 
 5.725000000000e-08  2.091335252903e-01  2.065258559026e-01 
 5.925000000000e-08  4.400023041277e-01  4.424093009767e-01 
 6.125000000000e-08  1.236792186799e-01  1.223649029987e-01 
 6.325000000000e-08  4.964383569424e-01  4.970238011639e-01 
 6.525000000000e-08  1.014388389992e-01  1.018162196865e-01 
 6.725000000000e-08  4.824635896587e-01  4.810256735072e-01 
 6.925000000000e-08  1.503796903542e-01  1.523898173582e-01 
 7.125000000000e-08  4.030787589422e-01  4.002877571559e-01 
 1.250000000000e-09  4.902265325329e-01  4.913147405317e-01 
 3.250000000000e-09  1.045154061661e-01  1.039187551842e-01 
 5.250000000000e-09  4.987070127344e-01  4.990441702998e-01 
 7.250000000000e-09  1.000852453066e-01  1.001070909947e-01 
 9.250000000000e-09  4.990523363769e-01  4.986428447778e-01 
 1.125000000000e-08  1.038403305232e-01  1.044851362489e-01 
 1.325000000000e-08  4.912490313525e-01  4.901215245866e-01 
 1.525000000000e-08  1.156263308896e-01  1.168796251934e-01 
 1.725000000000e-08  4.756160722762e-01  4.738346045531e-01 
 1.925000000000e-08  1.349603903360e-01  1.367878659605e-01 
 2.125000000000e-08  4.527929355306e-01  4.504514699036e-01 
 2.325000000000e-08  1.610505774082e-01  1.633972997330e-01 
 2.525000000000e-08  4.237136680387e-01  4.209285239736e-01 
 2.725000000000e-08  1.928285343217e-01  1.956183971422e-01 
 2.925000000000e-08  3.895683312125e-01  3.864709578048e-01 
 3.125000000000e-08  2.289933142694e-01  2.321287911859e-01 
 3.325000000000e-08  3.517550024797e-01  3.484836170391e-01 
 3.525000000000e-08  2.680639312034e-01  2.714284652629e-01 
 3.725000000000e-08  3.118217924900e-01  3.085144735569e-01 
 3.925000000000e-08  3.084413176101e-01  3.119005409576e-01 
 4.125000000000e-08  2.714038894361e-01  2.681933128361e-01 
 4.325000000000e-08  3.484724281352e-01  3.518803666473e-01 
 4.525000000000e-08  2.321564028066e-01  2.291645104168e-01 
 4.725000000000e-08  3.865189286040e-01  3.897237156335e-01 
 4.925000000000e-08  1.956866721753e-01  1.930221472489e-01 
 5.125000000000e-08  4.210235717642e-01  4.238762885713e-01 
 5.325000000000e-08  1.634880028737e-01  1.612439057896e-01 
 5.525000000000e-08  4.505740440847e-01  4.529387714630e-01 
 5.725000000000e-08  1.368791653934e-01  1.351317768787e-01 
 5.925000000000e-08  4.739612181382e-01  4.757227867416e-01 
 6.125000000000e-08  1.169492611540e-01  1.157566397747e-01 
 6.325000000000e-08  4.902275987889e-01  4.913014561830e-01 
 6.525000000000e-08  1.045153501823e-01  1.039186382295e-01 
 6.725000000000e-08  4.987069914526e-01  4.990441352306e-01 
 6.925000000000e-08  1.000852466321e-01  1.001070928834e-01 
 7.125000000000e-08  4.990523364990e-01  4.986428377287e-01 
