 time                v(vi)               v(vo)              
 1.800000000000e-09  3.362692567753e-01  2.606498167786e-01 
 3.800000000000e-09  3.751190843826e-01  2.992121584485e-01 
 5.800000000000e-09  4.108935033978e-01  3.351549725765e-01 
 7.800000000000e-09  4.421279013742e-01  3.669929710967e-01 
 9.800000000000e-09  4.675435261920e-01  3.934248561864e-01 
 1.180000000000e-08  4.860998913752e-01  4.133709830323e-01 
 1.380000000000e-08  4.970372553385e-01  4.260130960276e-01 
 1.580000000000e-08  4.999079156472e-01  4.308399612911e-01 
 1.780000000000e-08  4.945943089272e-01  4.276476455529e-01 
 1.980000000000e-08  4.813139956360e-01  4.165679142202e-01 
 2.180000000000e-08  4.606106907203e-01  3.980529560301e-01 
 2.380000000000e-08  4.333319867047e-01  3.728599687240e-01 
 2.580000000000e-08  4.005947031806e-01  3.420174475779e-01 
 2.780000000000e-08  3.637390801030e-01  3.067884820200e-01 
 2.980000000000e-08  3.242739939801e-01  2.686121223770e-01 
 3.180000000000e-08  2.838151356130e-01  2.290482501269e-01 
 3.380000000000e-08  2.440188881722e-01  1.897179027500e-01 
 3.580000000000e-08  2.065144889330e-01  1.522283595061e-01 
 3.780000000000e-08  1.728373760879e-01  1.181181762417e-01 
 3.980000000000e-08  1.443662859310e-01  8.878457057109e-02 
 4.180000000000e-08  1.222668225780e-01  6.543248668506e-02 
 4.380000000000e-08  1.074437433585e-01  4.902216117469e-02 
 4.580000000000e-08  1.005039385916e-01  4.022897410160e-02 
 4.780000000000e-08  1.017314965501e-01  3.941508509691e-02 
 4.980000000000e-08  1.110762099413e-01  4.661338940470e-02 
 5.180000000000e-08  1.281555086958e-01  6.152745919623e-02 
 5.380000000000e-08  1.522701730702e-01  8.354206631948e-02 
 5.580000000000e-08  1.824329460202e-01  1.117518246983e-01 
 5.780000000000e-08  2.174089629551e-01  1.449973430577e-01 
 5.980000000000e-08  2.557662849293e-01  1.819157573268e-01 
 6.180000000000e-08  2.959345495630e-01  2.209938157443e-01 
 6.380000000000e-08  3.362692571652e-01  2.606327290463e-01 
 6.580000000000e-08  3.751190840805e-01  2.992120937996e-01 
 6.780000000000e-08  4.108935070725e-01  3.351547257564e-01 
 6.980000000000e-08  4.421278980403e-01  3.669930138682e-01 
 7.180000000000e-08  4.675435266875e-01  3.934242295098e-01 
 1.800000000000e-09  3.713359131872e-01  2.859156056395e-01 
 3.800000000000e-09  4.392384759841e-01  3.563216612286e-01 
 5.800000000000e-09  4.845724390626e-01  4.071103208587e-01 
 7.800000000000e-09  4.999899428125e-01  4.300104244141e-01 
 9.800000000000e-09  4.829921479977e-01  4.213050036538e-01 
 1.180000000000e-08  4.363343629062e-01  3.823949720950e-01 
 1.380000000000e-08  3.675791602510e-01  3.195721897483e-01 
 1.580000000000e-08  2.878706059505e-01  2.430079559469e-01 
 1.780000000000e-08  2.101279939705e-01  1.651041415937e-01 
 1.980000000000e-08  1.469520478412e-01  9.849130967006e-02 
 2.180000000000e-08  1.085824927285e-01  5.398686453114e-02 
 2.380000000000e-08  1.012385994423e-01  3.883136617777e-02 
 2.580000000000e-08  1.261109676163e-01  5.549069958957e-02 
 2.780000000000e-08  1.791681019361e-01  1.012433145707e-01 
 2.980000000000e-08  2.518105245454e-01  1.686400903342e-01 
 3.180000000000e-08  3.322638041793e-01  2.467394047308e-01 
 3.380000000000e-08  4.074874892564e-01  3.228930020810e-01 
 3.580000000000e-08  4.652889846351e-01  3.847816455126e-01 
 3.780000000000e-08  4.962994665537e-01  4.223957457946e-01 
 3.980000000000e-08  4.954927923154e-01  4.296421542355e-01 
 4.180000000000e-08  4.629998693721e-01  4.053384653477e-01 
 4.380000000000e-08  4.040874488159e-01  3.534103082727e-01 
 4.580000000000e-08  3.283042650916e-01  2.822623550236e-01 
 4.780000000000e-08  2.479335220986e-01  2.034153833465e-01 
 4.980000000000e-08  1.760017962706e-01  1.296450513662e-01 
 5.180000000000e-08  1.241680211203e-01  7.292168847388e-02 
 5.380000000000e-08  1.008336260505e-01  4.246536879334e-02 
 5.580000000000e-08  1.097809271814e-01  4.323385650372e-02 
 5.780000000000e-08  1.495600151786e-01  7.509635296881e-02 
 5.980000000000e-08  2.137232070880e-01  1.328571952324e-01 
 6.180000000000e-08  2.918707604717e-01  2.071257528276e-01 
 6.380000000000e-08  3.713359397961e-01  2.858613938028e-01 
 6.580000000000e-08  4.392385041208e-01  3.563214171329e-01 
 6.780000000000e-08  4.845724491910e-01  4.071104714376e-01 
 6.980000000000e-08  4.999898565181e-01  4.300097419162e-01 
 7.180000000000e-08  4.829921583561e-01  4.213056408641e-01 
 1.800000000000e-09  4.040370830070e-01  3.102828316545e-01 
 3.800000000000e-09  4.829687730730e-01  3.999625609837e-01 
 5.800000000000e-09  4.963105272422e-01  4.306191279020e-01 
 7.800000000000e-09  4.392804353296e-01  3.911500702151e-01 
 9.800000000000e-09  3.323228340819e-01  2.956520614509e-01 
 1.180000000000e-08  2.137786916121e-01  1.783292781142e-01 
 1.380000000000e-08  1.261420356094e-01  8.124456582024e-02 
 1.580000000000e-08  1.008279845041e-01  3.926996296245e-02 
 1.780000000000e-08  1.469120551089e-01  6.749497729256e-02 
 1.980000000000e-08  2.478747245058e-01  1.557296600443e-01 
 2.180000000000e-08  3.675232824698e-01  2.722664295409e-01 
 2.380000000000e-08  4.629661063077e-01  3.753714007794e-01 
 2.580000000000e-08  4.999893009173e-01  4.281643329790e-01 
 2.780000000000e-08  4.653216530866e-01  4.117272497600e-01 
 2.980000000000e-08  3.713913421576e-01  3.319012198355e-01 
 3.180000000000e-08  2.518696714326e-01  2.172601401331e-01 
 3.380000000000e-08  1.496011285779e-01  1.088964822147e-01 
 3.580000000000e-08  1.012458053499e-01  4.564254632863e-02 
 3.780000000000e-08  1.241381963944e-01  5.039729101379e-02 
 3.980000000000e-08  2.100731240606e-01  1.212614908063e-01 
 4.180000000000e-08  3.282449947047e-01  2.327372332771e-01 
 4.380000000000e-08  4.362915841149e-01  3.450350260100e-01 
 4.580000000000e-08  4.954805680966e-01  4.178038624378e-01 
 4.780000000000e-08  4.845946168864e-01  4.250648840826e-01 
 4.980000000000e-08  4.075371090065e-01  3.641741608152e-01 
 5.180000000000e-08  2.919310665686e-01  2.569093357954e-01 
 5.380000000000e-08  1.792174984119e-01  1.417055513613e-01 
 5.580000000000e-08  1.098004310309e-01  5.982797903703e-02 
 5.780000000000e-08  1.085642686463e-01  4.085747003389e-02 
 5.980000000000e-08  1.759532440980e-01  9.144684853473e-02 
 6.180000000000e-08  2.878103201098e-01  1.934239663070e-01 
 6.380000000000e-08  4.040370300466e-01  3.101920277087e-01 
 6.580000000000e-08  4.829687533106e-01  3.999619250102e-01 
 6.780000000000e-08  4.963105091242e-01  4.306190871608e-01 
 6.980000000000e-08  4.392804079579e-01  3.911506253605e-01 
 7.180000000000e-08  3.323228312699e-01  2.956537810064e-01 
 1.800000000000e-09  4.332883363972e-01  3.333274310550e-01 
 3.800000000000e-09  4.999060283953e-01  4.253189833080e-01 
 5.800000000000e-09  4.421688999333e-01  3.990800551063e-01 
 7.800000000000e-09  2.959948357807e-01  2.706738826868e-01 
 9.800000000000e-09  1.523124241239e-01  1.199331606902e-01 
 1.180000000000e-08  1.004996454943e-01  4.072163764707e-02 
 1.380000000000e-08  1.727895820743e-01  8.241442751165e-02 
 1.580000000000e-08  3.242145067445e-01  2.189145333096e-01 
 1.780000000000e-08  4.605758572670e-01  3.652525414082e-01 
 1.980000000000e-08  4.970468054238e-01  4.305771362625e-01 
 2.180000000000e-08  4.109422305448e-01  3.742468427995e-01 
 2.380000000000e-08  2.558256142120e-01  2.311751088600e-01 
 2.580000000000e-08  1.281878650670e-01  9.034632354403e-02 
 2.780000000000e-08  1.074267800073e-01  3.943403098268e-02 
 2.980000000000e-08  2.064602952272e-01  1.102891832865e-01 
 3.180000000000e-08  3.636827407521e-01  2.585073198253e-01 
 3.380000000000e-08  4.812894177770e-01  3.919733851501e-01 
 3.580000000000e-08  4.861210639742e-01  4.278298064233e-01 
 3.780000000000e-08  3.751739530248e-01  3.437057751147e-01 
 3.980000000000e-08  2.174648609359e-01  1.918200854623e-01 
 4.180000000000e-08  1.110972275067e-01  6.668243766328e-02 
 4.380000000000e-08  1.222382626994e-01  4.627156779347e-02 
 4.580000000000e-08  2.439604315760e-01  1.432574735199e-01 
 4.780000000000e-08  4.005435490199e-01  2.971294602397e-01 
 4.980000000000e-08  4.945809021414e-01  4.122724952569e-01 
 5.180000000000e-08  4.675750989455e-01  4.171860573160e-01 
 5.380000000000e-08  3.363279698213e-01  3.087029669579e-01 
 5.580000000000e-08  1.824831901570e-01  1.542266905293e-01 
 5.780000000000e-08  1.017401861036e-01  4.991059055007e-02 
 5.980000000000e-08  1.443272159869e-01  6.077831772214e-02 
 6.180000000000e-08  2.837548847686e-01  1.799670308535e-01 
 6.380000000000e-08  4.332882498894e-01  3.332015757199e-01 
 6.580000000000e-08  4.999057668781e-01  4.253181223861e-01 
 6.780000000000e-08  4.421689301791e-01  3.990786907782e-01 
 6.980000000000e-08  2.959948355737e-01  2.706717930506e-01 
 7.180000000000e-08  1.523122140341e-01  1.199324853913e-01 
 1.800000000000e-09  4.581191296069e-01  3.546482139715e-01 
 3.800000000000e-09  4.875704771413e-01  4.295910720545e-01 
 5.800000000000e-09  3.403181750247e-01  3.213446664800e-01 
 7.800000000000e-09  1.550843898734e-01  1.315353930335e-01 
 9.800000000000e-09  1.063690486016e-01  3.913576523977e-02 
 1.180000000000e-08  2.400692014416e-01  1.312910705745e-01 
 1.380000000000e-08  4.302296214489e-01  3.208907556309e-01 
 1.580000000000e-08  4.977017734483e-01  4.295237054205e-01 
 1.780000000000e-08  3.789255295689e-01  3.549222174567e-01 
 1.980000000000e-08  1.857974445509e-01  1.671338823512e-01 
 2.180000000000e-08  1.002535798699e-01  4.316920524954e-02 
 2.380000000000e-08  2.028859685596e-01  9.998362502015e-02 
 2.580000000000e-08  3.970085138324e-01  2.837792581988e-01 
 2.780000000000e-08  4.997403308978e-01  4.214965174504e-01 
 2.980000000000e-08  4.143015174323e-01  3.835772903505e-01 
 3.180000000000e-08  2.211852714081e-01  2.054394053934e-01 
 3.380000000000e-08  1.023162029777e-01  5.506137072431e-02 
 3.580000000000e-08  1.696788475515e-01  7.419190539635e-02 
 3.780000000000e-08  3.598157787305e-01  2.446651265902e-01 
 3.980000000000e-08  4.936008741108e-01  4.058401174950e-01 
 4.180000000000e-08  4.449983034644e-01  4.061408103580e-01 
 4.380000000000e-08  2.597998518647e-01  2.450734310364e-01 
 4.580000000000e-08  1.124716072755e-01  7.432556377868e-02 
 4.780000000000e-08  1.418069433273e-01  5.497469023586e-02 
 4.980000000000e-08  3.201739823223e-01  2.051432231439e-01 
 5.180000000000e-08  4.795351586428e-01  3.831953221376e-01 
 5.380000000000e-08  4.697594328861e-01  4.216886690347e-01 
 5.580000000000e-08  3.000602396239e-01  2.842117803738e-01 
 5.780000000000e-08  1.303044894288e-01  1.001706160040e-01 
 5.980000000000e-08  1.204116394545e-01  4.311775186493e-02 
 6.180000000000e-08  2.797061901865e-01  1.668275618549e-01 
 6.380000000000e-08  4.581192678828e-01  3.544891315595e-01 
 6.580000000000e-08  4.875704288379e-01  4.295906078563e-01 
 6.780000000000e-08  3.403181449768e-01  3.213458014109e-01 
 6.980000000000e-08  1.550843567343e-01  1.315354887648e-01 
 7.180000000000e-08  1.063691149621e-01  3.913663882703e-02 
 1.800000000000e-09  4.777061822706e-01  3.738775616643e-01 
 3.800000000000e-09  4.477683870914e-01  4.123032976746e-01 
 5.800000000000e-09  2.249382366884e-01  2.192996209535e-01 
 7.800000000000e-09  1.000901944583e-01  4.658919821687e-02 
 9.800000000000e-09  2.362028740496e-01  1.198918417570e-01 
 1.180000000000e-08  4.555973959632e-01  3.431488665918e-01 
 1.380000000000e-08  4.718733732071e-01  4.252206552501e-01 
 1.580000000000e-08  2.637906562127e-01  2.588871397321e-01 
 1.780000000000e-08  1.029738035556e-01  6.111775704712e-02 
 1.980000000000e-08  1.993520235239e-01  9.039980239796e-02 
 2.180000000000e-08  4.271176624043e-01  3.081856635445e-01 
 2.380000000000e-08  4.889421674440e-01  4.303467696635e-01 
 2.580000000000e-08  3.041255959089e-01  2.974817483716e-01 
 2.780000000000e-08  1.139238521778e-01  8.276770213515e-02 
 2.980000000000e-08  1.666212404088e-01  6.681600288840e-02 
 3.180000000000e-08  3.934333144311e-01  2.702219728327e-01 
 3.380000000000e-08  4.982757768749e-01  4.274757626565e-01 
 3.580000000000e-08  3.442916151581e-01  3.335092374368e-01 
 3.780000000000e-08  1.324913119298e-01  1.106543722758e-01 
 3.980000000000e-08  1.393523193028e-01  5.011097712186e-02 
 4.180000000000e-08  3.559240811834e-01  2.308172161082e-01 
 4.380000000000e-08  4.994919227236e-01  4.167289793158e-01 
 4.580000000000e-08  3.826443517576e-01  3.654914553322e-01 
 4.780000000000e-08  1.579165110774e-01  1.436337183214e-01 
 4.980000000000e-08  1.186595199235e-01  4.097312119832e-02 
 5.180000000000e-08  3.161250425295e-01  1.915676284528e-01 
 5.380000000000e-08  4.925407463576e-01  3.985517403199e-01 
 5.580000000000e-08  4.176140019225e-01  3.921188976880e-01 
 5.780000000000e-08  1.891585773597e-01  1.803505266985e-01 
 5.980000000000e-08  1.053917105401e-01  3.978266422289e-02 
 6.180000000000e-08  2.756657635461e-01  1.540823382701e-01 
 6.380000000000e-08  4.777062516268e-01  3.736853789364e-01 
 6.580000000000e-08  4.477685380942e-01  4.123031049959e-01 
 6.780000000000e-08  2.249383880811e-01  2.192998668872e-01 
 6.980000000000e-08  1.000910298141e-01  4.658921443638e-02 
 7.180000000000e-08  2.362028046775e-01  1.198928459974e-01 
 1.800000000000e-09  4.914012814359e-01  3.906815839022e-01 
 3.800000000000e-09  3.863289867703e-01  3.753628584109e-01 
 5.800000000000e-09  1.347477089447e-01  1.217370357497e-01 
 7.800000000000e-09  1.636198812198e-01  6.031705341080e-02 
 9.800000000000e-09  4.239530604417e-01  2.951507895978e-01 
 1.180000000000e-08  4.739161035995e-01  4.277700119407e-01 
 1.380000000000e-08  2.287220210453e-01  2.331330876303e-01 
 1.580000000000e-08  1.044937789183e-01  4.141410335497e-02 
 1.780000000000e-08  3.120695353473e-01  1.782596325713e-01 
 1.980000000000e-08  4.991610322059e-01  4.110550020009e-01 
 2.180000000000e-08  3.482465537029e-01  3.451328224081e-01 
 2.380000000000e-08  1.154535163521e-01  9.195305498410e-02 
 2.580000000000e-08  1.958596117369e-01  8.158125875807e-02 
 2.780000000000e-08  4.530114705934e-01  3.312977007315e-01 
 2.980000000000e-08  4.504771850983e-01  4.175424383212e-01 
 3.180000000000e-08  1.925661283871e-01  1.938042408723e-01 
 3.380000000000e-08  1.169828484469e-01  3.980874180315e-02 
 3.580000000000e-08  3.520092832621e-01  2.170379532754e-01 
 3.780000000000e-08  4.987675057033e-01  4.244537304636e-01 
 3.980000000000e-08  3.081891830590e-01  3.103813710368e-01 
 4.180000000000e-08  1.037135661685e-01  6.803146810811e-02 
 4.380000000000e-08  2.323625843447e-01  1.091158194935e-01 
 4.580000000000e-08  4.758048671144e-01  3.635046809448e-01 
 4.780000000000e-08  4.208773443614e-01  3.998310799728e-01 
 4.980000000000e-08  1.608071734658e-01  1.561581503023e-01 
 5.180000000000e-08  1.369637564019e-01  4.619858133458e-02 
 5.380000000000e-08  3.898198827565e-01  2.565399527243e-01 
 5.580000000000e-08  4.902358269751e-01  4.301051089777e-01 
 5.780000000000e-08  2.677964292065e-01  2.725308388015e-01 
 5.980000000000e-08  1.000106659906e-01  5.095139720619e-02 
 6.180000000000e-08  2.716355830973e-01  1.417878989619e-01 
 6.380000000000e-08  4.914008366210e-01  3.904572889555e-01 
 6.580000000000e-08  3.863287842449e-01  3.753626501932e-01 
 6.780000000000e-08  1.347476038014e-01  1.217356547747e-01 
 6.980000000000e-08  1.636198731643e-01  6.031774748922e-02 
 7.180000000000e-08  4.239524706880e-01  2.951507391435e-01 
 1.800000000000e-09  4.987480974655e-01  4.047685761146e-01 
 3.800000000000e-09  3.122494411789e-01  3.228572770568e-01 
 5.800000000000e-09  1.000114963304e-01  5.622182535690e-02 
 7.800000000000e-09  3.080089344994e-01  1.652864590318e-01 
 9.800000000000e-09  4.991762144473e-01  4.204884419593e-01 
 1.180000000000e-08  2.718156773867e-01  2.859420915962e-01 
 1.380000000000e-08  1.036772978136e-01  4.401159781510e-02 
 1.580000000000e-08  3.480731660621e-01  2.034020439318e-01 
 1.780000000000e-08  4.914510595088e-01  4.288764902595e-01 
 1.980000000000e-08  2.325354411686e-01  2.469286967969e-01 
 2.180000000000e-08  1.153806113194e-01  3.962720022627e-02 
 2.380000000000e-08  3.861688919731e-01  2.427968743941e-01 
 2.580000000000e-08  4.758871358095e-01  4.293359160537e-01 
 2.780000000000e-08  1.960172815928e-01  2.073539893035e-01 
 2.980000000000e-08  1.346422655530e-01  4.324678397611e-02 
 3.180000000000e-08  4.207370797801e-01  2.818581863310e-01 
 3.380000000000e-08  4.531238761584e-01  4.218365323464e-01 
 3.580000000000e-08  1.637565745353e-01  1.690332247744e-01 
 3.780000000000e-08  1.606736506867e-01  5.471791768318e-02 
 3.980000000000e-08  4.503612714678e-01  3.190075577495e-01 
 4.180000000000e-08  4.240912008160e-01  4.066829330145e-01 
 4.380000000000e-08  1.370725722496e-01  1.333526144864e-01 
 4.580000000000e-08  1.924094800421e-01  7.356490241493e-02 
 4.780000000000e-08  4.738297536774e-01  3.527140590614e-01 
 4.980000000000e-08  3.899783877962e-01  3.844884437080e-01 
 5.180000000000e-08  1.170592614698e-01  1.018248297217e-01 
 5.380000000000e-08  2.285505191209e-01  9.900947172001e-02 
 5.580000000000e-08  4.901823746348e-01  3.816101959522e-01 
 5.780000000000e-08  3.521820203311e-01  3.561599824816e-01 
 5.980000000000e-08  1.045334095702e-01  7.575871740662e-02 
 6.180000000000e-08  2.676168772037e-01  1.300070609296e-01 
 6.380000000000e-08  4.987468799105e-01  4.045133587273e-01 
 6.580000000000e-08  3.122494359096e-01  3.228566095449e-01 
 6.780000000000e-08  1.000116012837e-01  5.622146835860e-02 
 6.980000000000e-08  3.080089524242e-01  1.652856243335e-01 
 7.180000000000e-08  4.991768733987e-01  4.204887122102e-01 
 1.800000000000e-09  4.995022161344e-01  4.158951225803e-01 
 3.800000000000e-09  2.363765976600e-01  2.606167389002e-01 
 5.800000000000e-09  1.323903394674e-01  4.125885998394e-02 
 7.800000000000e-09  4.476500476580e-01  3.063460246009e-01 
 9.800000000000e-09  3.935893491855e-01  3.928325992348e-01 
 1.180000000000e-08  1.054360936857e-01  8.425334725399e-02 
 1.380000000000e-08  3.039450195223e-01  1.527083193769e-01 
 1.580000000000e-08  4.925875798350e-01  4.266870842583e-01 
 1.780000000000e-08  1.995118153195e-01  2.211235696778e-01 
 1.980000000000e-08  1.577853087577e-01  5.003458484230e-02 
 2.180000000000e-08  4.717835173097e-01  3.413792297119e-01 
 2.380000000000e-08  3.560954171329e-01  3.665386782671e-01 
 2.580000000000e-08  1.000961247044e-01  6.236192716522e-02 
 2.780000000000e-08  3.441168810578e-01  1.899742443240e-01 
 2.980000000000e-08  4.777864261780e-01  4.299231468233e-01 
 3.180000000000e-08  1.667611993404e-01  1.821943471369e-01 
 3.380000000000e-08  1.890051491272e-01  6.637959626920e-02 
 3.580000000000e-08  4.888846494456e-01  3.720658821711e-01 
 3.780000000000e-08  3.163044906591e-01  3.348476264193e-01 
 3.980000000000e-08  1.029422938283e-01  4.754751914065e-02 
 4.180000000000e-08  3.824825131967e-01  2.290677034113e-01 
 4.380000000000e-08  4.557059330254e-01  4.251796678687e-01 
 4.580000000000e-08  1.394641607123e-01  1.454246654437e-01 
 4.780000000000e-08  2.247685119521e-01  8.961886783119e-02 
 4.980000000000e-08  4.982530510233e-01  3.971512681148e-01 
 5.180000000000e-08  2.758463661858e-01  2.990499570831e-01 
 5.380000000000e-08  1.138564241571e-01  4.041679356154e-02 
 5.580000000000e-08  4.174707954433e-01  2.683931856971e-01 
 5.780000000000e-08  4.272532258505e-01  4.126485986967e-01 
 5.980000000000e-08  1.187396240147e-01  1.123243159287e-01 
 6.180000000000e-08  2.636116433796e-01  1.187930510283e-01 
 6.380000000000e-08  4.995033297177e-01  4.156102679636e-01 
 6.580000000000e-08  2.363771032986e-01  2.606157891016e-01 
 6.780000000000e-08  1.323903688912e-01  4.125861297356e-02 
 6.980000000000e-08  4.476499796582e-01  3.063463876862e-01 
 7.180000000000e-08  3.935894462399e-01  3.928324112803e-01 
 1.800000000000e-09  4.936435812299e-01  4.238693983930e-01 
 3.800000000000e-09  1.698199187902e-01  1.955688665278e-01 
 5.800000000000e-09  2.210171355204e-01  8.097534592156e-02 
 7.800000000000e-09  4.997488597883e-01  4.098562205269e-01 
 9.800000000000e-09  2.030480449867e-01  2.348475367693e-01 
 1.180000000000e-08  1.856455474010e-01  6.005004152196e-02 
 1.380000000000e-08  4.976736223494e-01  3.890143633147e-01 
 1.580000000000e-08  2.402443225947e-01  2.741258086970e-01 
 1.780000000000e-08  1.549561402836e-01  4.627849630753e-02 
 1.980000000000e-08  4.875089801731e-01  3.618802228340e-01 
 2.180000000000e-08  2.798870018289e-01  3.117911231703e-01 
 2.380000000000e-08  1.302051732516e-01  4.023114452194e-02 
 2.580000000000e-08  4.696667072571e-01  3.295628651837e-01 
 2.780000000000e-08  3.203528199473e-01  3.462966404723e-01 
 2.980000000000e-08  1.124061223232e-01  4.216119675524e-02 
 3.180000000000e-08  4.448762240777e-01  2.933808214774e-01 
 3.380000000000e-08  3.599853790925e-01  3.762275902496e-01 
 3.580000000000e-08  1.022896454651e-01  5.199409498825e-02 
 3.780000000000e-08  4.141566189110e-01  2.548063298363e-01 
 3.980000000000e-08  3.971630297124e-01  4.003608610603e-01 
 4.180000000000e-08  1.002655059916e-01  6.933083713669e-02 
 4.380000000000e-08  3.787620012280e-01  2.154194322630e-01 
 4.580000000000e-08  4.303617105816e-01  4.177087682266e-01 
 4.780000000000e-08  1.064162750854e-01  9.345859702950e-02 
 4.980000000000e-08  3.401425765392e-01  1.768164733925e-01 
 5.180000000000e-08  4.582257874369e-01  4.275678786308e-01 
 5.380000000000e-08  1.204954942441e-01  1.233917663289e-01 
 5.580000000000e-08  2.998794996754e-01  1.405838172978e-01 
 5.780000000000e-08  4.796107475721e-01  4.295406922649e-01 
 5.980000000000e-08  1.419223652379e-01  1.578983022311e-01 
 6.180000000000e-08  2.596213570689e-01  1.081923204422e-01 
 6.380000000000e-08  4.936424633704e-01  4.235532117671e-01 
 6.580000000000e-08  1.698199172430e-01  1.955677679303e-01 
 6.780000000000e-08  2.210166458212e-01  8.097537377167e-02 
 6.980000000000e-08  4.997482215177e-01  4.098563484591e-01 
 7.180000000000e-08  2.030478054008e-01  2.348472911118e-01 
 1.800000000000e-09  4.813623897638e-01  4.285507367291e-01 
 3.800000000000e-09  1.223255625430e-01  1.349683559730e-01 
 5.800000000000e-09  3.361514125853e-01  1.639962939846e-01 
 7.800000000000e-09  4.334190368914e-01  4.218535664955e-01 
 9.800000000000e-09  1.005146518575e-01  7.708271112001e-02 
 1.180000000000e-08  4.107948126777e-01  2.411773791882e-01 
 1.380000000000e-08  3.638507188249e-01  3.851857336975e-01 
 1.580000000000e-08  1.110376260812e-01  4.484015764036e-02 
 1.780000000000e-08  4.674792146373e-01  3.173266635652e-01 
 1.980000000000e-08  2.839359037207e-01  3.241093156910e-01 
 2.180000000000e-08  1.521877853269e-01  4.345561337727e-02 
 2.380000000000e-08  4.970143617683e-01  3.801536141360e-01 
 2.580000000000e-08  2.066238490733e-01  2.485317227668e-01 
 2.780000000000e-08  2.172978187433e-01  7.311434622676e-02 
 2.980000000000e-08  4.946191079786e-01  4.195067966162e-01 
 3.180000000000e-08  1.444457101474e-01  1.707107974615e-01 
 3.380000000000e-08  2.958139724508e-01  1.289599874473e-01 
 3.580000000000e-08  4.606794114949e-01  4.289996273465e-01 
 3.780000000000e-08  1.074788293428e-01  1.033240748952e-01 
 3.980000000000e-08  3.750082801890e-01  2.019168254659e-01 
 4.180000000000e-08  4.006957109268e-01  4.070468849649e-01 
 4.380000000000e-08  1.017157334798e-01  5.731838178345e-02 
 4.580000000000e-08  4.420446360304e-01  2.801783796343e-01 
 4.780000000000e-08  3.243928504177e-01  3.571580931958e-01 
 4.980000000000e-08  1.280922305321e-01  4.015696846184e-02 
 5.180000000000e-08  4.860545871338e-01  3.511111249119e-01 
 5.380000000000e-08  2.441363540793e-01  2.873956255220e-01 
 5.580000000000e-08  1.823333831836e-01  5.459437906884e-02 
 5.780000000000e-08  4.999099682840e-01  4.032652193566e-01 
 5.980000000000e-08  1.729341692673e-01  2.090883902308e-01 
 6.180000000000e-08  2.556477217740e-01  9.823550671181e-02 
 6.380000000000e-08  4.813619279144e-01  4.282045088213e-01 
 6.580000000000e-08  1.223257674541e-01  1.349662824674e-01 
 6.780000000000e-08  3.361514681339e-01  1.639931297576e-01 
 6.980000000000e-08  4.334183460364e-01  4.218511811321e-01 
 7.180000000000e-08  1.005159918886e-01  7.708281431099e-02 
 1.800000000000e-09  4.630663063881e-01  4.298561926988e-01 
 3.800000000000e-09  1.008459836151e-01  8.557771965201e-02 
 5.800000000000e-09  4.391533797042e-01  2.668005579794e-01 
 7.800000000000e-09  2.879912179781e-01  3.359506221536e-01 
 9.800000000000e-09  1.790701493097e-01  5.003190056799e-02 
 1.180000000000e-08  4.955162112514e-01  4.145768861921e-01 
 1.380000000000e-08  1.242284844510e-01  1.469895384590e-01 
 1.580000000000e-08  3.712238623871e-01  1.886182615826e-01 
 1.780000000000e-08  3.676898467205e-01  3.933765544117e-01 
 1.980000000000e-08  1.260498968557e-01  4.102459400291e-02 
 2.180000000000e-08  4.962751383798e-01  3.706180974354e-01 
 2.380000000000e-08  1.761009827432e-01  2.226877309363e-01 
 2.580000000000e-08  2.917502331326e-01  1.178880226773e-01 
 2.780000000000e-08  4.364184176437e-01  4.250689382532e-01 
 2.980000000000e-08  1.012277909598e-01  6.348614260752e-02 
 3.180000000000e-08  4.652234114731e-01  3.047290445629e-01 
 3.380000000000e-08  2.480513772429e-01  3.003542738509e-01 
 3.580000000000e-08  2.136140058779e-01  6.606072543946e-02 
 3.780000000000e-08  4.830360913318e-01  4.259325200839e-01 
 3.980000000000e-08  1.086208716435e-01  1.137976570973e-01 
 4.180000000000e-08  4.073862763578e-01  2.275621073480e-01 
 4.380000000000e-08  3.284223501424e-01  3.673834359530e-01 
 4.580000000000e-08  1.494805061494e-01  4.156796034012e-02 
 4.780000000000e-08  4.999873581963e-01  3.958819215757e-01 
 4.980000000000e-08  1.470332993418e-01  1.837908250990e-01 
 5.180000000000e-08  3.321451758937e-01  1.515548378033e-01 
 5.380000000000e-08  4.041871090673e-01  4.128708711255e-01 
 5.580000000000e-08  1.097451144474e-01  4.843062433342e-02 
 5.780000000000e-08  4.845271482090e-01  3.398159391600e-01 
 5.980000000000e-08  2.102386518800e-01  2.620875405591e-01 
 6.180000000000e-08  2.516923994721e-01  8.899006550492e-02 
 6.380000000000e-08  4.630658125655e-01  4.294804144787e-01 
 6.580000000000e-08  1.008458000732e-01  8.557687676904e-02 
 6.780000000000e-08  4.391536609158e-01  2.668007117514e-01 
 6.980000000000e-08  2.879912538596e-01  3.359495049428e-01 
 7.180000000000e-08  1.790714188398e-01  5.003089344059e-02 
 1.800000000000e-09  4.393630276704e-01  4.277622509425e-01 
 3.800000000000e-09  1.085284760102e-01  5.290896053643e-02 
 5.800000000000e-09  4.954537036313e-01  3.604589639897e-01 
 7.800000000000e-09  1.496864205721e-01  1.970764477436e-01 
 9.800000000000e-09  3.674100779339e-01  1.755800957734e-01 
 1.180000000000e-08  3.324407032242e-01  3.769373972313e-01 
 1.380000000000e-08  1.758587124410e-01  4.636557488037e-02 
 1.580000000000e-08  4.846387033122e-01  4.227455829145e-01 
 1.780000000000e-08  1.012638762500e-01  9.476356150982e-02 
 1.980000000000e-08  4.628978081504e-01  2.918423209308e-01 
 2.180000000000e-08  2.138913365901e-01  2.754762666544e-01 
 2.380000000000e-08  2.876897161017e-01  1.074095505360e-01 
 2.580000000000e-08  4.076353449132e-01  4.178159686946e-01 
 2.780000000000e-08  1.240808381349e-01  4.282241811777e-02 
 2.980000000000e-08  4.999857828993e-01  3.877443106962e-01 
 3.180000000000e-08  1.262054491060e-01  1.593988099236e-01 
 3.380000000000e-08  4.039359843520e-01  2.140244422684e-01 
 3.580000000000e-08  2.920516995383e-01  3.472651744094e-01 
 3.780000000000e-08  2.099639479148e-01  5.983777923555e-02 
 3.980000000000e-08  4.653865605977e-01  4.290211397426e-01 
 4.180000000000e-08  1.008179868472e-01  7.046059720999e-02 
 4.380000000000e-08  4.829184613505e-01  3.280507896199e-01 
 4.580000000000e-08  1.793175264767e-01  2.363064438877e-01 
 4.780000000000e-08  3.281260453242e-01  1.395488906288e-01 
 4.980000000000e-08  3.715007584969e-01  4.007782534046e-01 
 5.180000000000e-08  1.468317408883e-01  4.061438581067e-02 
 5.380000000000e-08  4.963311398684e-01  4.087950329229e-01 
 5.580000000000e-08  1.098415843384e-01  1.248203482351e-01 
 5.780000000000e-08  4.362051151947e-01  2.533097838371e-01 
 5.980000000000e-08  2.519882179821e-01  3.129764145024e-01 
 6.180000000000e-08  2.477572229452e-01  8.047048533520e-02 
 6.380000000000e-08  4.393634664267e-01  4.273568743798e-01 
 6.580000000000e-08  1.085286360729e-01  5.290914305806e-02 
 6.780000000000e-08  4.954556360932e-01  3.604521157044e-01 
 6.980000000000e-08  1.496847591931e-01  1.970765525705e-01 
 7.180000000000e-08  3.674114820800e-01  1.755805996149e-01 
 1.800000000000e-09  4.110389533297e-01  4.223018946262e-01 
 3.800000000000e-09  1.442521543497e-01  4.059168020608e-02 
 5.800000000000e-09  4.861623778831e-01  4.186667481269e-01 
 7.800000000000e-09  1.004953716336e-01  7.820283262751e-02 
 9.800000000000e-09  4.945532986759e-01  3.497269314113e-01 
 1.180000000000e-08  1.282533247455e-01  1.721383117225e-01 
 1.380000000000e-08  4.331980677110e-01  2.397671441481e-01 
 1.580000000000e-08  2.175769590619e-01  2.886365842932e-01 
 1.780000000000e-08  3.240952155557e-01  1.280343297625e-01 
 1.980000000000e-08  3.364455055302e-01  3.857830382358e-01 
 2.180000000000e-08  2.063520978756e-01  5.446739266225e-02 
 2.380000000000e-08  4.422504026468e-01  4.287158216003e-01 
 2.580000000000e-08  1.221842743483e-01  4.553275670004e-02 
 2.780000000000e-08  4.970656476702e-01  4.021971464588e-01 
 2.980000000000e-08  1.017570922965e-01  1.046056379354e-01 
 3.180000000000e-08  4.812383030743e-01  3.158708851347e-01 
 3.380000000000e-08  1.523970079130e-01  2.105109240084e-01 
 3.580000000000e-08  4.004416571011e-01  2.006182056081e-01 
 3.780000000000e-08  2.559452561601e-01  3.251757429084e-01 
 3.980000000000e-08  2.836344214102e-01  9.756730566696e-02 
 4.180000000000e-08  3.752835784439e-01  4.073613820342e-01 
 4.380000000000e-08  1.726950898027e-01  4.361194093648e-02 
 4.580000000000e-08  4.676375016634e-01  4.276294246747e-01 
 4.780000000000e-08  1.073977159131e-01  5.824665419097e-02 
 4.980000000000e-08  4.998975969505e-01  3.788973959509e-01 
 5.180000000000e-08  1.111398173023e-01  1.363439006139e-01 
 5.380000000000e-08  4.605051029010e-01  2.787047672935e-01 
 5.580000000000e-08  1.825840381063e-01  2.498808488582e-01 
 5.780000000000e-08  3.635699225761e-01  1.628515311200e-01 
 5.980000000000e-08  2.961155016969e-01  3.580096795062e-01 
 6.180000000000e-08  2.438439022546e-01  7.270364140533e-02 
 6.380000000000e-08  4.110398217520e-01  4.218691334685e-01 
 6.580000000000e-08  1.442502822882e-01  4.059039505699e-02 
 6.780000000000e-08  4.861627605175e-01  4.186661284082e-01 
 6.980000000000e-08  1.004955182248e-01  7.819990014771e-02 
 7.180000000000e-08  4.945525554913e-01  3.497248622811e-01 
 1.800000000000e-09  3.790343518966e-01  4.135687566717e-01 
 3.800000000000e-09  2.027795589453e-01  4.996583561084e-02 
 5.800000000000e-09  4.143972497815e-01  4.250200661240e-01 
 7.800000000000e-09  1.695878813834e-01  4.177165003741e-02 
 9.800000000000e-09  4.450754021813e-01  4.291456568189e-01 
 1.180000000000e-08  1.417342542893e-01  4.149019464616e-02 
 1.380000000000e-08  4.698161765016e-01  4.253243325975e-01 
 1.580000000000e-08  1.203595456572e-01  4.913801810640e-02 
 1.780000000000e-08  4.876088619936e-01  4.137194335217e-01 
 1.980000000000e-08  1.063380708608e-01  6.440718617688e-02 
 2.180000000000e-08  4.977189143324e-01  3.948133059945e-01 
 2.380000000000e-08  1.002492946391e-01  8.667483914008e-02 
 2.580000000000e-08  4.997314425513e-01  3.693799726695e-01 
 2.780000000000e-08  1.023371434920e-01  1.150307092784e-01 
 2.980000000000e-08  4.935667722424e-01  3.384655948749e-01 
 3.180000000000e-08  1.125152872829e-01  1.483097593065e-01 
 3.380000000000e-08  4.794838716562e-01  3.033292431989e-01 
 3.580000000000e-08  1.303755382434e-01  1.851489762462e-01 
 3.780000000000e-08  4.580452237845e-01  2.653995262208e-01 
 3.980000000000e-08  1.551742227654e-01  2.240292081353e-01 
 4.180000000000e-08  4.301395551762e-01  2.262270926985e-01 
 4.380000000000e-08  1.859003093512e-01  2.633559454960e-01 
 4.580000000000e-08  3.969046289077e-01  1.874004374674e-01 
 4.780000000000e-08  2.213000991399e-01  3.015096870619e-01 
 4.980000000000e-08  3.597023205170e-01  1.505057861047e-01 
 5.180000000000e-08  2.599194531558e-01  3.369198109543e-01 
 5.380000000000e-08  3.200543322561e-01  1.170486220406e-01 
 5.580000000000e-08  3.001807161767e-01  3.681421023801e-01 
 5.780000000000e-08  2.795858101918e-01  8.839762248809e-02 
 5.980000000000e-08  3.404341918609e-01  3.938866322875e-01 
 6.180000000000e-08  2.399529814962e-01  6.571910450437e-02 
 6.380000000000e-08  3.790338884412e-01  4.131102100164e-01 
 6.580000000000e-08  2.027791242433e-01  4.995366990260e-02 
 6.780000000000e-08  4.143972703020e-01  4.250200893104e-01 
 6.980000000000e-08  1.695854465645e-01  4.177194958553e-02 
 7.180000000000e-08  4.450771835255e-01  4.291457607718e-01 
