 time            v(vop)         
 4.05000000e-09  3.57975062e-01 
 6.05000000e-09  3.94198082e-01 
 8.05000000e-09  4.26798091e-01 
 1.00500000e-08  4.54527386e-01 
 1.20500000e-08  4.76316767e-01 
 1.40500000e-08  4.91329744e-01 
 1.60500000e-08  4.98988105e-01 
 1.80500000e-08  4.98999759e-01 
 2.00500000e-08  4.91364827e-01 
 2.20500000e-08  4.76372873e-01 
 2.40500000e-08  4.54605189e-01 
 2.60500000e-08  4.26892598e-01 
 2.80500000e-08  3.94305580e-01 
 3.00500000e-08  3.58092460e-01 
 3.20500000e-08  3.19650039e-01 
 3.40500000e-08  2.80446630e-01 
 3.60500000e-08  2.41998527e-01 
 3.80500000e-08  2.05777234e-01 
 4.00500000e-08  1.73174712e-01 
 4.20500000e-08  1.45448789e-01 
 4.40500000e-08  1.23658550e-01 
 4.60500000e-08  1.08646308e-01 
 4.80500000e-08  1.00987148e-01 
 5.00500000e-08  1.00975909e-01 
 5.20500000e-08  1.08610832e-01 
 5.40500000e-08  1.23602081e-01 
 5.60500000e-08  1.45371492e-01 
 5.80500000e-08  1.73082212e-01 
 6.00500000e-08  2.05669402e-01 
 6.20500000e-08  2.41882069e-01 
 6.40500000e-08  2.80324728e-01 
 6.60500000e-08  3.19524436e-01 
 6.80500000e-08  3.57976614e-01 
 7.00500000e-08  3.94201155e-01 
 7.20500000e-08  4.26799010e-01 
 7.40500000e-08  4.54528531e-01 
 7.60500000e-08  4.76317004e-01 
 4.05000000e-09  4.10939491e-01 
 6.05000000e-09  4.66121879e-01 
 8.05000000e-09  4.96010671e-01 
 1.00500000e-08  4.96056914e-01 
 1.20500000e-08  4.66252341e-01 
 1.40500000e-08  4.11137173e-01 
 1.60500000e-08  3.39099544e-01 
 1.80500000e-08  2.61108561e-01 
 2.00500000e-08  1.89035073e-01 
 2.20500000e-08  1.33854278e-01 
 2.40500000e-08  1.03966066e-01 
 2.60500000e-08  1.03918973e-01 
 2.80500000e-08  1.33721373e-01 
 3.00500000e-08  1.88838844e-01 
 3.20500000e-08  2.60875311e-01 
 3.40500000e-08  3.38866935e-01 
 3.60500000e-08  4.10939728e-01 
 3.80500000e-08  4.66120613e-01 
 4.00500000e-08  4.96010214e-01 
 4.20500000e-08  4.96054861e-01 
 4.40500000e-08  4.66254403e-01 
 4.60500000e-08  4.11135901e-01 
 4.80500000e-08  3.39100075e-01 
 5.00500000e-08  2.61107589e-01 
 5.20500000e-08  1.89035068e-01 
 5.40500000e-08  1.33854812e-01 
 5.60500000e-08  1.03965380e-01 
 5.80500000e-08  1.03919043e-01 
 6.00500000e-08  1.33723043e-01 
 6.20500000e-08  1.88839115e-01 
 6.40500000e-08  2.60876088e-01 
 6.60500000e-08  3.38867133e-01 
 6.80500000e-08  4.10939973e-01 
 7.00500000e-08  4.66121092e-01 
 7.20500000e-08  4.96010214e-01 
 7.40500000e-08  4.96056818e-01 
 7.60500000e-08  4.66251331e-01 
 4.05000000e-09  4.54288111e-01 
 6.05000000e-09  4.98756550e-01 
 8.05000000e-09  4.76228282e-01 
 1.00500000e-08  3.94293371e-01 
 1.20500000e-08  2.80579000e-01 
 1.40500000e-08  1.73399461e-01 
 1.60500000e-08  1.08890924e-01 
 1.80500000e-08  1.08792542e-01 
 2.00500000e-08  1.73140246e-01 
 2.20500000e-08  2.80245548e-01 
 2.40500000e-08  3.93999844e-01 
 2.60500000e-08  4.76070717e-01 
 2.80500000e-08  4.98790341e-01 
 3.00500000e-08  4.54500222e-01 
 3.20500000e-08  3.58130645e-01 
 3.40500000e-08  2.42164578e-01 
 3.60500000e-08  1.45687914e-01 
 3.80500000e-08  1.01218350e-01 
 4.00500000e-08  1.23747895e-01 
 4.20500000e-08  2.05674742e-01 
 4.40500000e-08  3.19400579e-01 
 4.60500000e-08  4.26577755e-01 
 4.80500000e-08  4.91087405e-01 
 5.00500000e-08  4.91182849e-01 
 5.20500000e-08  4.26836336e-01 
 5.40500000e-08  3.19734750e-01 
 5.60500000e-08  2.05975178e-01 
 5.80500000e-08  1.23907320e-01 
 6.00500000e-08  1.01186016e-01 
 6.20500000e-08  1.45474229e-01 
 6.40500000e-08  2.41842314e-01 
 6.60500000e-08  3.57810570e-01 
 6.80500000e-08  4.54288655e-01 
 7.00500000e-08  4.98757349e-01 
 7.20500000e-08  4.76227584e-01 
 7.40500000e-08  3.94297294e-01 
 7.60500000e-08  2.80575226e-01 
 4.05000000e-09  4.84275621e-01 
 6.05000000e-09  4.84433334e-01 
 8.05000000e-09  3.76540661e-01 
 1.00500000e-08  2.23807364e-01 
 1.20500000e-08  1.15700602e-01 
 1.40500000e-08  1.15543345e-01 
 1.60500000e-08  2.23431035e-01 
 1.80500000e-08  3.76164760e-01 
 2.00500000e-08  4.84275093e-01 
 2.20500000e-08  4.84431990e-01 
 2.40500000e-08  3.76545863e-01 
 2.60500000e-08  2.23808359e-01 
 2.80500000e-08  1.15699941e-01 
 3.00500000e-08  1.15543423e-01 
 3.20500000e-08  2.23432638e-01 
 3.40500000e-08  3.76164471e-01 
 3.60500000e-08  4.84275446e-01 
 3.80500000e-08  4.84432396e-01 
 4.00500000e-08  3.76542463e-01 
 4.20500000e-08  2.23809374e-01 
 4.40500000e-08  1.15701209e-01 
 4.60500000e-08  1.15543188e-01 
 4.80500000e-08  2.23431381e-01 
 5.00500000e-08  3.76167021e-01 
 5.20500000e-08  4.84275689e-01 
 5.40500000e-08  4.84432449e-01 
 5.60500000e-08  3.76544764e-01 
 5.80500000e-08  2.23810828e-01 
 6.00500000e-08  1.15703428e-01 
 6.20500000e-08  1.15542621e-01 
 6.40500000e-08  2.23430573e-01 
 6.60500000e-08  3.76164725e-01 
 6.80500000e-08  4.84275081e-01 
 7.00500000e-08  4.84433309e-01 
 7.20500000e-08  3.76545146e-01 
 7.40500000e-08  2.23809505e-01 
 7.60500000e-08  1.15701065e-01 
 4.05000000e-09  4.98321146e-01 
 6.05000000e-09  4.26606676e-01 
 8.05000000e-09  2.42345977e-01 
 1.00500000e-08  1.09321704e-01 
 1.20500000e-08  1.45771733e-01 
 1.40500000e-08  3.19295480e-01 
 1.60500000e-08  4.75661499e-01 
 1.80500000e-08  4.75874963e-01 
 2.00500000e-08  3.19749063e-01 
 2.20500000e-08  1.46059928e-01 
 2.40500000e-08  1.09190592e-01 
 2.60500000e-08  2.41909774e-01 
 2.80500000e-08  4.26257542e-01 
 3.00500000e-08  4.98365037e-01 
 3.20500000e-08  3.94146226e-01 
 3.40500000e-08  2.06234462e-01 
 3.60500000e-08  1.01656150e-01 
 3.80500000e-08  1.73368941e-01 
 4.00500000e-08  3.57628461e-01 
 4.20500000e-08  4.90655215e-01 
 4.40500000e-08  4.54203553e-01 
 4.60500000e-08  2.80679949e-01 
 4.80500000e-08  1.24313794e-01 
 5.00500000e-08  1.24100370e-01 
 5.20500000e-08  2.80225404e-01 
 5.40500000e-08  4.53916353e-01 
 5.60500000e-08  4.90785151e-01 
 5.80500000e-08  3.58063094e-01 
 6.00500000e-08  1.73718577e-01 
 6.20500000e-08  1.01610905e-01 
 6.40500000e-08  2.05828864e-01 
 6.60500000e-08  3.93744417e-01 
 6.80500000e-08  4.98320938e-01 
 7.00500000e-08  4.26606761e-01 
 7.20500000e-08  2.42346769e-01 
 7.40500000e-08  1.09323043e-01 
 7.60500000e-08  1.45771139e-01 
 4.05000000e-09  4.95233013e-01 
 6.05000000e-09  3.39041752e-01 
 8.05000000e-09  1.34632260e-01 
 1.00500000e-08  1.34377065e-01 
 1.20500000e-08  3.38585691e-01 
 1.40500000e-08  4.95143873e-01 
 1.60500000e-08  4.10751827e-01 
 1.80500000e-08  1.89605784e-01 
 2.00500000e-08  1.04741324e-01 
 2.20500000e-08  2.60932766e-01 
 2.40500000e-08  4.65344038e-01 
 2.60500000e-08  4.65600572e-01 
 2.80500000e-08  2.61386998e-01 
 3.00500000e-08  1.04834948e-01 
 3.20500000e-08  1.89220899e-01 
 3.40500000e-08  4.10371495e-01 
 3.60500000e-08  4.95234033e-01 
 3.80500000e-08  3.39041971e-01 
 4.00500000e-08  1.34633833e-01 
 4.20500000e-08  1.34374525e-01 
 4.40500000e-08  3.38590969e-01 
 4.60500000e-08  4.95144058e-01 
 4.80500000e-08  4.10752386e-01 
 5.00500000e-08  1.89608761e-01 
 5.20500000e-08  1.04742699e-01 
 5.40500000e-08  2.60938601e-01 
 5.60500000e-08  4.65344043e-01 
 5.80500000e-08  4.65597709e-01 
 6.00500000e-08  2.61385365e-01 
 6.20500000e-08  1.04832677e-01 
 6.40500000e-08  1.89225063e-01 
 6.60500000e-08  4.10370643e-01 
 6.80500000e-08  4.95232753e-01 
 7.00500000e-08  3.39041243e-01 
 7.20500000e-08  1.34633059e-01 
 7.40500000e-08  1.34376220e-01 
 7.60500000e-08  3.38587323e-01 
 4.05000000e-09  4.75317596e-01 
 6.05000000e-09  2.42516583e-01 
 8.05000000e-09  1.02233309e-01 
 1.00500000e-08  2.80304825e-01 
 1.20500000e-08  4.90059399e-01 
 1.40500000e-08  3.93837383e-01 
 1.60500000e-08  1.46536000e-01 
 1.80500000e-08  1.46261816e-01 
 2.00500000e-08  3.93458825e-01 
 2.20500000e-08  4.90185055e-01 
 2.40500000e-08  2.80724052e-01 
 2.60500000e-08  1.02276981e-01 
 2.80500000e-08  2.42104944e-01 
 3.00500000e-08  4.75116072e-01 
 3.20500000e-08  4.26200387e-01 
 3.40500000e-08  1.74098977e-01 
 3.60500000e-08  1.24656938e-01 
 3.80500000e-08  3.57465437e-01 
 4.00500000e-08  4.97743223e-01 
 4.20500000e-08  3.19675093e-01 
 4.40500000e-08  1.09915528e-01 
 4.60500000e-08  2.06135470e-01 
 4.80500000e-08  4.53439502e-01 
 5.00500000e-08  4.53711483e-01 
 5.20500000e-08  2.06519734e-01 
 5.40500000e-08  1.09792603e-01 
 5.60500000e-08  3.19249053e-01 
 5.80500000e-08  4.97700548e-01 
 6.00500000e-08  3.57869859e-01 
 6.20500000e-08  1.24859806e-01 
 6.40500000e-08  1.73770988e-01 
 6.60500000e-08  4.25869127e-01 
 6.80500000e-08  4.75317375e-01 
 7.00500000e-08  2.42513314e-01 
 7.20500000e-08  1.02232915e-01 
 7.40500000e-08  2.80300520e-01 
 7.60500000e-08  4.90058832e-01 
 4.05000000e-09  4.40344427e-01 
 6.05000000e-09  1.59885402e-01 
 8.05000000e-09  1.59630728e-01 
 1.00500000e-08  4.40092852e-01 
 1.20500000e-08  4.40342898e-01 
 1.40500000e-08  1.59880010e-01 
 1.60500000e-08  1.59629958e-01 
 1.80500000e-08  4.40092162e-01 
 2.00500000e-08  4.40341571e-01 
 2.20500000e-08  1.59882403e-01 
 2.40500000e-08  1.59634276e-01 
 2.60500000e-08  4.40092716e-01 
 2.80500000e-08  4.40343179e-01 
 3.00500000e-08  1.59883472e-01 
 3.20500000e-08  1.59631382e-01 
 3.40500000e-08  4.40093815e-01 
 3.60500000e-08  4.40345668e-01 
 3.80500000e-08  1.59881144e-01 
 4.00500000e-08  1.59634226e-01 
 4.20500000e-08  4.40095186e-01 
 4.40500000e-08  4.40343438e-01 
 4.60500000e-08  1.59883136e-01 
 4.80500000e-08  1.59635334e-01 
 5.00500000e-08  4.40094180e-01 
 5.20500000e-08  4.40344364e-01 
 5.40500000e-08  1.59882317e-01 
 5.60500000e-08  1.59631265e-01 
 5.80500000e-08  4.40091534e-01 
 6.00500000e-08  4.40343416e-01 
 6.20500000e-08  1.59885175e-01 
 6.40500000e-08  1.59626999e-01 
 6.60500000e-08  4.40094956e-01 
 6.80500000e-08  4.40343907e-01 
 7.00500000e-08  1.59880011e-01 
 7.20500000e-08  1.59634201e-01 
 7.40500000e-08  4.40092420e-01 
 7.60500000e-08  4.40340177e-01 
 4.05000000e-09  3.93380195e-01 
 6.05000000e-09  1.10642411e-01 
 8.05000000e-09  2.80475358e-01 
 1.00500000e-08  4.96945634e-01 
 1.20500000e-08  2.42654648e-01 
 1.40500000e-08  1.25404080e-01 
 1.60500000e-08  4.25451569e-01 
 1.80500000e-08  4.25625208e-01 
 2.00500000e-08  1.25510061e-01 
 2.20500000e-08  2.42420878e-01 
 2.40500000e-08  4.96921233e-01 
 2.60500000e-08  2.80708551e-01 
 2.80500000e-08  1.10578114e-01 
 3.00500000e-08  3.93179128e-01 
 3.20500000e-08  4.53042150e-01 
 3.40500000e-08  1.47081174e-01 
 3.60500000e-08  2.06598015e-01 
 3.80500000e-08  4.89332658e-01 
 4.00500000e-08  3.19497079e-01 
 4.20500000e-08  1.03031379e-01 
 4.40500000e-08  3.57326645e-01 
 4.60500000e-08  4.74573252e-01 
 4.80500000e-08  1.74529250e-01 
 5.00500000e-08  1.74343056e-01 
 5.20500000e-08  4.74465634e-01 
 5.40500000e-08  3.57549829e-01 
 5.60500000e-08  1.03056052e-01 
 5.80500000e-08  3.19275025e-01 
 6.00500000e-08  4.89400537e-01 
 6.20500000e-08  2.06801390e-01 
 6.40500000e-08  1.46937095e-01 
 6.60500000e-08  4.52894949e-01 
 6.80500000e-08  3.93379728e-01 
 7.00500000e-08  1.10645848e-01 
 7.20500000e-08  2.80469981e-01 
 7.40500000e-08  4.96945968e-01 
 7.60500000e-08  2.42647188e-01 
 4.05000000e-09  3.38536646e-01 
 6.05000000e-09  1.06326806e-01 
 8.05000000e-09  4.09659322e-01 
 1.00500000e-08  4.09715326e-01 
 1.20500000e-08  1.06337126e-01 
 1.40500000e-08  3.38474482e-01 
 1.60500000e-08  4.64180625e-01 
 1.80500000e-08  1.35830112e-01 
 2.00500000e-08  2.61424203e-01 
 2.20500000e-08  4.93650665e-01 
 2.40500000e-08  1.90312604e-01 
 2.60500000e-08  1.90261633e-01 
 2.80500000e-08  4.93640258e-01 
 3.00500000e-08  2.61500785e-01 
 3.20500000e-08  1.35800555e-01 
 3.40500000e-08  4.64147065e-01 
 3.60500000e-08  3.38537145e-01 
 3.80500000e-08  1.06327609e-01 
 4.00500000e-08  4.09663364e-01 
 4.20500000e-08  4.09716088e-01 
 4.40500000e-08  1.06336819e-01 
 4.60500000e-08  3.38479248e-01 
 4.80500000e-08  4.64181551e-01 
 5.00500000e-08  1.35838790e-01 
 5.20500000e-08  2.61429368e-01 
 5.40500000e-08  4.93650508e-01 
 5.60500000e-08  1.90316017e-01 
 5.80500000e-08  1.90260852e-01 
 6.00500000e-08  4.93640683e-01 
 6.20500000e-08  2.61502243e-01 
 6.40500000e-08  1.35801934e-01 
 6.60500000e-08  4.64141725e-01 
 6.80500000e-08  3.38536830e-01 
 7.00500000e-08  1.06327323e-01 
 7.20500000e-08  4.09658641e-01 
 7.40500000e-08  4.09712453e-01 
 7.60500000e-08  1.06333896e-01 
 4.05000000e-09  2.80604553e-01 
 6.05000000e-09  1.47775155e-01 
 8.05000000e-09  4.88499473e-01 
 1.00500000e-08  2.42738171e-01 
 1.20500000e-08  1.75095322e-01 
 1.40500000e-08  4.96017954e-01 
 1.60500000e-08  2.07066521e-01 
 1.80500000e-08  2.07190442e-01 
 2.00500000e-08  4.96002320e-01 
 2.20500000e-08  1.74974519e-01 
 2.40500000e-08  2.42886511e-01 
 2.60500000e-08  4.88454116e-01 
 2.80500000e-08  1.47681768e-01 
 3.00500000e-08  2.80751737e-01 
 3.20500000e-08  4.73668880e-01 
 3.40500000e-08  1.26240829e-01 
 3.60500000e-08  3.19371814e-01 
 3.80500000e-08  4.52200121e-01 
 4.00500000e-08  1.11476935e-01 
 4.20500000e-08  3.57242242e-01 
 4.40500000e-08  4.24885274e-01 
 4.60500000e-08  1.03958963e-01 
 4.80500000e-08  3.92909599e-01 
 5.00500000e-08  3.92776871e-01 
 5.20500000e-08  1.03975721e-01 
 5.40500000e-08  4.25016102e-01 
 5.60500000e-08  3.57092533e-01 
 5.80500000e-08  1.11522987e-01 
 6.00500000e-08  4.52295235e-01 
 6.20500000e-08  3.19218010e-01 
 6.40500000e-08  1.26310868e-01 
 6.60500000e-08  4.73734007e-01 
 6.80500000e-08  2.80603596e-01 
 7.00500000e-08  1.47771452e-01 
 7.20500000e-08  4.88501690e-01 
 7.40500000e-08  2.42738178e-01 
 7.60500000e-08  1.75089753e-01 
 4.05000000e-09  2.24614956e-01 
 6.05000000e-09  2.24999138e-01 
 8.05000000e-09  4.81415068e-01 
 1.00500000e-08  1.18397293e-01 
 1.20500000e-08  3.75364901e-01 
 1.40500000e-08  3.74982320e-01 
 1.60500000e-08  1.18562924e-01 
 1.80500000e-08  4.81579055e-01 
 2.00500000e-08  2.24611982e-01 
 2.20500000e-08  2.24999679e-01 
 2.40500000e-08  4.81414996e-01 
 2.60500000e-08  1.18398585e-01 
 2.80500000e-08  3.75360386e-01 
 3.00500000e-08  3.74980721e-01 
 3.20500000e-08  1.18559334e-01 
 3.40500000e-08  4.81578117e-01 
 3.60500000e-08  2.24621636e-01 
 3.80500000e-08  2.24996728e-01 
 4.00500000e-08  4.81414996e-01 
 4.20500000e-08  1.18401980e-01 
 4.40500000e-08  3.75362879e-01 
 4.60500000e-08  3.74981414e-01 
 4.80500000e-08  1.18560586e-01 
 5.00500000e-08  4.81580552e-01 
 5.20500000e-08  2.24620512e-01 
 5.40500000e-08  2.24993407e-01 
 5.60500000e-08  4.81417002e-01 
 5.80500000e-08  1.18400450e-01 
 6.00500000e-08  3.75363431e-01 
 6.20500000e-08  3.74981684e-01 
 6.40500000e-08  1.18561702e-01 
 6.60500000e-08  4.81574350e-01 
 6.80500000e-08  2.24612384e-01 
 7.00500000e-08  2.24994878e-01 
 7.20500000e-08  4.81417184e-01 
 7.40500000e-08  1.18399226e-01 
 7.60500000e-08  3.75358802e-01 
 4.05000000e-09  1.75410147e-01 
 6.05000000e-09  3.19546083e-01 
 8.05000000e-09  3.92033646e-01 
 1.00500000e-08  1.27364744e-01 
 1.20500000e-08  4.95010436e-01 
 1.40500000e-08  1.48303907e-01 
 1.60500000e-08  3.57199633e-01 
 1.80500000e-08  3.56518801e-01 
 2.00500000e-08  1.48752886e-01 
 2.20500000e-08  4.94938648e-01 
 2.40500000e-08  1.27025278e-01 
 2.60500000e-08  3.92667811e-01 
 2.80500000e-08  3.18841872e-01 
 3.00500000e-08  1.75979031e-01 
 3.20500000e-08  4.87376851e-01 
 3.40500000e-08  1.12389944e-01 
 3.60500000e-08  4.24556065e-01 
 3.80500000e-08  2.80424968e-01 
 4.00500000e-08  2.07935964e-01 
 4.20500000e-08  4.72610871e-01 
 4.40500000e-08  1.04965282e-01 
 4.60500000e-08  4.51672206e-01 
 4.80500000e-08  2.42777794e-01 
 5.00500000e-08  2.43453647e-01 
 5.20500000e-08  4.51211612e-01 
 5.40500000e-08  1.05038964e-01 
 5.60500000e-08  4.72949312e-01 
 5.80500000e-08  2.07311955e-01 
 6.00500000e-08  2.81140793e-01 
 6.20500000e-08  4.24006717e-01 
 6.40500000e-08  1.12601626e-01 
 6.60500000e-08  4.87589137e-01 
 6.80500000e-08  1.75404112e-01 
 7.00500000e-08  3.19545206e-01 
 7.20500000e-08  3.92035538e-01 
 7.40500000e-08  1.27369267e-01 
 7.60500000e-08  4.95009698e-01 
 4.05000000e-09  1.37250573e-01 
 6.05000000e-09  4.08969896e-01 
 8.05000000e-09  2.61359680e-01 
 1.00500000e-08  2.62394714e-01 
 1.20500000e-08  4.08092320e-01 
 1.40500000e-08  1.37837012e-01 
 1.60500000e-08  4.91504848e-01 
 1.80500000e-08  1.08264893e-01 
 2.00500000e-08  4.62724396e-01 
 2.20500000e-08  1.91011031e-01 
 2.40500000e-08  3.38600552e-01 
 2.60500000e-08  3.37572947e-01 
 2.80500000e-08  1.91878500e-01 
 3.00500000e-08  4.62139936e-01 
 3.20500000e-08  1.08473910e-01 
 3.40500000e-08  4.91710989e-01 
 3.60500000e-08  1.37246555e-01 
 3.80500000e-08  4.08963256e-01 
 4.00500000e-08  2.61353114e-01 
 4.20500000e-08  2.62386816e-01 
 4.40500000e-08  4.08095661e-01 
 4.60500000e-08  1.37833434e-01 
 4.80500000e-08  4.91504451e-01 
 5.00500000e-08  1.08266356e-01 
 5.20500000e-08  4.62726677e-01 
 5.40500000e-08  1.91003156e-01 
 5.60500000e-08  3.38623720e-01 
 5.80500000e-08  3.37570526e-01 
 6.00500000e-08  1.91885556e-01 
 6.20500000e-08  4.62146643e-01 
 6.40500000e-08  1.08472371e-01 
 6.60500000e-08  4.91709870e-01 
 6.80500000e-08  1.37249592e-01 
 7.00500000e-08  4.08973494e-01 
 7.20500000e-08  2.61369906e-01 
 7.40500000e-08  2.62393649e-01 
 7.60500000e-08  4.08078438e-01 
 4.05000000e-09  1.13372584e-01 
 6.05000000e-09  4.72119012e-01 
 8.05000000e-09  1.48951848e-01 
 1.00500000e-08  4.24113131e-01 
 1.20500000e-08  2.07537103e-01 
 1.40500000e-08  3.57232421e-01 
 1.60500000e-08  2.80177461e-01 
 1.80500000e-08  2.81614391e-01 
 2.00500000e-08  3.55841753e-01 
 2.20500000e-08  2.08802184e-01 
 2.40500000e-08  4.23004015e-01 
 2.60500000e-08  1.49871090e-01 
 2.80500000e-08  4.71446318e-01 
 3.00500000e-08  1.13789649e-01 
 3.20500000e-08  4.93775004e-01 
 3.40500000e-08  1.06059249e-01 
 3.60500000e-08  4.86602690e-01 
 3.80500000e-08  1.27847319e-01 
 4.00500000e-08  4.51023917e-01 
 4.20500000e-08  1.75863206e-01 
 4.40500000e-08  3.92445444e-01 
 4.60500000e-08  2.42760496e-01 
 4.80500000e-08  3.19800027e-01 
 5.00500000e-08  3.18363576e-01 
 5.20500000e-08  2.44127724e-01 
 5.40500000e-08  3.91179392e-01 
 5.60500000e-08  1.76966870e-01 
 5.80500000e-08  4.50104407e-01 
 6.00500000e-08  1.28535139e-01 
 6.20500000e-08  4.86187573e-01 
 6.40500000e-08  1.06200712e-01 
 6.60500000e-08  4.93919519e-01 
 6.80500000e-08  1.13367937e-01 
 7.00500000e-08  4.72120011e-01 
 7.20500000e-08  1.48960028e-01 
 7.40500000e-08  4.24114597e-01 
 7.60500000e-08  2.07525152e-01 
