 time            v(vop)         
 3.50000000e-09  3.41510746e-01 
 5.50000000e-09  3.77761918e-01 
 7.50000000e-09  4.10406837e-01 
 9.50000000e-09  4.38225184e-01 
 1.15000000e-08  4.60185342e-01 
 1.35000000e-08  4.75471111e-01 
 1.55000000e-08  4.83484106e-01 
 1.75000000e-08  4.83858337e-01 
 1.95000000e-08  4.76484533e-01 
 2.15000000e-08  4.61584548e-01 
 2.35000000e-08  4.39706943e-01 
 2.55000000e-08  4.11719955e-01 
 2.75000000e-08  3.78748809e-01 
 2.95000000e-08  3.42107853e-01 
 3.15000000e-08  3.03239670e-01 
 3.35000000e-08  2.63662133e-01 
 3.55000000e-08  2.24906750e-01 
 3.75000000e-08  1.88460405e-01 
 3.95000000e-08  1.55718320e-01 
 4.15000000e-08  1.27927998e-01 
 4.35000000e-08  1.06143462e-01 
 4.55000000e-08  9.11872533e-02 
 4.75000000e-08  8.36205482e-02 
 4.95000000e-08  8.37224571e-02 
 5.15000000e-08  9.14808780e-02 
 5.35000000e-08  1.06593146e-01 
 5.55000000e-08  1.28476913e-01 
 5.75000000e-08  1.56292330e-01 
 5.95000000e-08  1.88973212e-01 
 6.15000000e-08  2.25264678e-01 
 6.35000000e-08  2.63774707e-01 
 6.55000000e-08  3.03025040e-01 
 6.75000000e-08  3.41510762e-01 
 6.95000000e-08  3.77761918e-01 
 7.15000000e-08  4.10406837e-01 
 3.50000000e-09  3.94044773e-01 
 5.50000000e-09  4.49241574e-01 
 7.50000000e-09  4.79975503e-01 
 9.50000000e-09  4.81409988e-01 
 1.15000000e-08  4.52195011e-01 
 1.35000000e-08  3.96373780e-01 
 1.55000000e-08  3.23068449e-01 
 1.75000000e-08  2.43969074e-01 
 1.95000000e-08  1.71270475e-01 
 2.15000000e-08  1.15978799e-01 
 2.35000000e-08  8.63616615e-02 
 2.55000000e-08  8.67629936e-02 
 2.75000000e-08  1.16993629e-01 
 2.95000000e-08  1.72379681e-01 
 3.15000000e-08  2.44460739e-01 
 3.35000000e-08  3.22264494e-01 
 3.55000000e-08  3.94044671e-01 
 3.75000000e-08  4.49241562e-01 
 3.95000000e-08  4.79974853e-01 
 4.15000000e-08  4.81410105e-01 
 4.35000000e-08  4.52195009e-01 
 4.55000000e-08  3.96373969e-01 
 4.75000000e-08  3.23068753e-01 
 4.95000000e-08  2.43968736e-01 
 5.15000000e-08  1.71270521e-01 
 5.35000000e-08  1.15978821e-01 
 5.55000000e-08  8.63617007e-02 
 5.75000000e-08  8.67630839e-02 
 5.95000000e-08  1.16993630e-01 
 6.15000000e-08  1.72379472e-01 
 6.35000000e-08  2.44459877e-01 
 6.55000000e-08  3.22263955e-01 
 6.75000000e-08  3.94044753e-01 
 6.95000000e-08  4.49241825e-01 
 7.15000000e-08  4.79975604e-01 
 3.50000000e-09  4.36738851e-01 
 5.50000000e-09  4.82869918e-01 
 7.50000000e-09  4.62892408e-01 
 9.50000000e-09  3.79772161e-01 
 1.15000000e-08  2.63565968e-01 
 1.35000000e-08  1.55154279e-01 
 1.55000000e-08  9.09092354e-02 
 1.75000000e-08  9.17895352e-02 
 1.95000000e-08  1.56875004e-01 
 2.15000000e-08  2.63898190e-01 
 2.35000000e-08  3.76804634e-01 
 2.55000000e-08  4.58719455e-01 
 2.75000000e-08  4.83969293e-01 
 2.95000000e-08  4.41178676e-01 
 3.15000000e-08  3.42735601e-01 
 3.35000000e-08  2.24559295e-01 
 3.55000000e-08  1.27390968e-01 
 3.75000000e-08  8.35350837e-02 
 3.95000000e-08  1.07055348e-01 
 4.15000000e-08  1.89493503e-01 
 4.35000000e-08  3.02826091e-01 
 4.55000000e-08  4.09118378e-01 
 4.75000000e-08  4.74298081e-01 
 4.95000000e-08  4.77308412e-01 
 5.15000000e-08  4.13062094e-01 
 5.35000000e-08  3.03477389e-01 
 5.55000000e-08  1.87957756e-01 
 5.75000000e-08  1.05707705e-01 
 5.95000000e-08  8.38406522e-02 
 6.15000000e-08  1.29036639e-01 
 6.35000000e-08  2.25631363e-01 
 6.55000000e-08  3.40937332e-01 
 6.75000000e-08  4.36738853e-01 
 6.95000000e-08  4.82869689e-01 
 7.15000000e-08  4.62892220e-01 
 3.50000000e-09  4.66645203e-01 
 5.50000000e-09  4.71530585e-01 
 7.50000000e-09  3.62057201e-01 
 9.50000000e-09  2.05653423e-01 
 1.15000000e-08  9.72320001e-02 
 1.35000000e-08  9.87402523e-02 
 1.55000000e-08  2.07436700e-01 
 1.75000000e-08  3.58863161e-01 
 1.95000000e-08  4.66645187e-01 
 2.15000000e-08  4.71529576e-01 
 2.35000000e-08  3.62057789e-01 
 2.55000000e-08  2.05653847e-01 
 2.75000000e-08  9.72320593e-02 
 2.95000000e-08  9.87402583e-02 
 3.15000000e-08  2.07436327e-01 
 3.35000000e-08  3.58862728e-01 
 3.55000000e-08  4.66645509e-01 
 3.75000000e-08  4.71530568e-01 
 3.95000000e-08  3.62057203e-01 
 4.15000000e-08  2.05653090e-01 
 4.35000000e-08  9.72320595e-02 
 4.55000000e-08  9.87402949e-02 
 4.75000000e-08  2.07436864e-01 
 4.95000000e-08  3.58862052e-01 
 5.15000000e-08  4.66645545e-01 
 5.35000000e-08  4.71530580e-01 
 5.55000000e-08  3.62056841e-01 
 5.75000000e-08  2.05653848e-01 
 5.95000000e-08  9.72321144e-02 
 6.15000000e-08  9.87402520e-02 
 6.35000000e-08  2.07437104e-01 
 6.55000000e-08  3.58863175e-01 
 6.75000000e-08  4.66645548e-01 
 6.95000000e-08  4.71530580e-01 
 7.15000000e-08  3.62057089e-01 
 3.50000000e-09  4.82065224e-01 
 5.50000000e-09  4.14425649e-01 
 7.50000000e-09  2.24224121e-01 
 9.50000000e-09  9.06470110e-02 
 1.15000000e-08  1.29606467e-01 
 1.35000000e-08  3.02642628e-01 
 1.55000000e-08  4.57218264e-01 
 1.75000000e-08  4.64050265e-01 
 1.95000000e-08  3.03739930e-01 
 2.15000000e-08  1.26866394e-01 
 2.35000000e-08  9.21130725e-02 
 2.55000000e-08  2.26004428e-01 
 2.75000000e-08  4.07857395e-01 
 2.95000000e-08  4.83829708e-01 
 3.15000000e-08  3.80835368e-01 
 3.35000000e-08  1.87464774e-01 
 3.55000000e-08  8.34659780e-02 
 3.75000000e-08  1.57465627e-01 
 3.95000000e-08  3.40388424e-01 
 4.15000000e-08  4.73018459e-01 
 4.35000000e-08  4.42610471e-01 
 4.55000000e-08  2.63487611e-01 
 4.75000000e-08  1.05286252e-01 
 4.95000000e-08  1.07531136e-01 
 5.15000000e-08  2.64031037e-01 
 5.35000000e-08  4.35261268e-01 
 5.55000000e-08  4.77885447e-01 
 5.75000000e-08  3.43397246e-01 
 5.95000000e-08  1.54601778e-01 
 6.15000000e-08  8.39750561e-02 
 6.35000000e-08  1.90020138e-01 
 6.55000000e-08  3.75875912e-01 
 6.75000000e-08  4.82065163e-01 
 6.95000000e-08  4.14425645e-01 
 7.15000000e-08  2.24224113e-01 
 3.50000000e-09  4.81865462e-01 
 5.50000000e-09  3.23985356e-01 
 7.50000000e-09  1.15016291e-01 
 9.50000000e-09  1.18055308e-01 
 1.15000000e-08  3.21539806e-01 
 1.35000000e-08  4.77841863e-01 
 1.55000000e-08  3.98841441e-01 
 1.75000000e-08  1.70200643e-01 
 1.95000000e-08  8.72277254e-02 
 2.15000000e-08  2.44988240e-01 
 2.35000000e-08  4.46209650e-01 
 2.55000000e-08  4.54853161e-01 
 2.75000000e-08  2.43530260e-01 
 2.95000000e-08  8.60250358e-02 
 3.15000000e-08  1.73518777e-01 
 3.35000000e-08  3.91835209e-01 
 3.55000000e-08  4.81865193e-01 
 3.75000000e-08  3.23985032e-01 
 3.95000000e-08  1.15016019e-01 
 4.15000000e-08  1.18055832e-01 
 4.35000000e-08  3.21540555e-01 
 4.55000000e-08  4.77841619e-01 
 4.75000000e-08  3.98841229e-01 
 4.95000000e-08  1.70201028e-01 
 5.15000000e-08  8.72277212e-02 
 5.35000000e-08  2.44988170e-01 
 5.55000000e-08  4.46210067e-01 
 5.75000000e-08  4.54854798e-01 
 5.95000000e-08  2.43530280e-01 
 6.15000000e-08  8.60250129e-02 
 6.35000000e-08  1.73518778e-01 
 6.55000000e-08  3.91835244e-01 
 6.75000000e-08  4.81865328e-01 
 6.95000000e-08  3.23985048e-01 
 7.15000000e-08  1.15016066e-01 
 3.50000000e-09  4.65013624e-01 
 5.50000000e-09  2.23901165e-01 
 7.50000000e-09  8.41256281e-02 
 9.50000000e-09  2.64174363e-01 
 1.15000000e-08  4.71662867e-01 
 1.35000000e-08  3.81938304e-01 
 1.55000000e-08  1.26354322e-01 
 1.75000000e-08  1.30187212e-01 
 1.95000000e-08  3.74977203e-01 
 2.15000000e-08  4.78230381e-01 
 2.35000000e-08  2.63425958e-01 
 2.55000000e-08  8.34139769e-02 
 2.75000000e-08  2.26386008e-01 
 2.95000000e-08  4.55697731e-01 
 3.15000000e-08  4.15786557e-01 
 3.35000000e-08  1.54058608e-01 
 3.55000000e-08  1.08019637e-01 
 3.75000000e-08  3.39861505e-01 
 3.95000000e-08  4.83481463e-01 
 4.15000000e-08  3.04028341e-01 
 4.35000000e-08  9.04008458e-02 
 4.55000000e-08  1.90554138e-01 
 4.75000000e-08  4.33801651e-01 
 4.95000000e-08  4.43940506e-01 
 5.15000000e-08  1.86982388e-01 
 5.35000000e-08  9.24515773e-02 
 5.55000000e-08  3.02475605e-01 
 5.75000000e-08  4.81113598e-01 
 5.95000000e-08  3.44098624e-01 
 6.15000000e-08  1.04879057e-01 
 6.35000000e-08  1.58064287e-01 
 6.55000000e-08  4.06625169e-01 
 6.75000000e-08  4.65013633e-01 
 6.95000000e-08  2.23901124e-01 
 7.15000000e-08  8.41256130e-02 
 3.50000000e-09  4.31337307e-01 
 5.50000000e-09  1.39220375e-01 
 7.50000000e-09  1.43779811e-01 
 9.50000000e-09  4.20157182e-01 
 1.15000000e-08  4.31336700e-01 
 1.35000000e-08  1.39220380e-01 
 1.55000000e-08  1.43779811e-01 
 1.75000000e-08  4.20157182e-01 
 1.95000000e-08  4.31336700e-01 
 2.15000000e-08  1.39220384e-01 
 2.35000000e-08  1.43779811e-01 
 2.55000000e-08  4.20157182e-01 
 2.75000000e-08  4.31336700e-01 
 2.95000000e-08  1.39220384e-01 
 3.15000000e-08  1.43779811e-01 
 3.35000000e-08  4.20157182e-01 
 3.55000000e-08  4.31336700e-01 
 3.75000000e-08  1.39220380e-01 
 3.95000000e-08  1.43779798e-01 
 4.15000000e-08  4.20157184e-01 
 4.35000000e-08  4.31336701e-01 
 4.55000000e-08  1.39220380e-01 
 4.75000000e-08  1.43779811e-01 
 4.95000000e-08  4.20157182e-01 
 5.15000000e-08  4.31336700e-01 
 5.35000000e-08  1.39220380e-01 
 5.55000000e-08  1.43779798e-01 
 5.75000000e-08  4.20157184e-01 
 5.95000000e-08  4.31336701e-01 
 6.15000000e-08  1.39220380e-01 
 6.35000000e-08  1.43779811e-01 
 6.55000000e-08  4.20157182e-01 
 6.75000000e-08  4.31336700e-01 
 6.95000000e-08  1.39220380e-01 
 7.15000000e-08  1.43779811e-01 
 3.50000000e-09  3.83054360e-01 
 5.50000000e-09  9.01706296e-02 
 7.50000000e-09  2.64326273e-01 
 9.50000000e-09  4.82951277e-01 
 1.15000000e-08  2.23592914e-01 
 1.35000000e-08  1.08519902e-01 
 1.55000000e-08  4.05425185e-01 
 1.75000000e-08  4.17102829e-01 
 1.95000000e-08  1.04486388e-01 
 2.15000000e-08  2.26773740e-01 
 2.35000000e-08  4.80042025e-01 
 2.55000000e-08  2.63380635e-01 
 2.75000000e-08  9.28041049e-02 
 2.95000000e-08  3.74106336e-01 
 3.15000000e-08  4.45147529e-01 
 3.35000000e-08  1.25853428e-01 
 3.55000000e-08  1.91095166e-01 
 3.75000000e-08  4.70252018e-01 
 3.95000000e-08  3.04346433e-01 
 4.15000000e-08  8.42923105e-02 
 4.35000000e-08  3.39353450e-01 
 4.55000000e-08  4.65785656e-01 
 4.75000000e-08  1.53527431e-01 
 4.95000000e-08  1.58672280e-01 
 5.15000000e-08  4.54173630e-01 
 5.35000000e-08  3.44835285e-01 
 5.55000000e-08  8.33781439e-02 
 5.75000000e-08  3.02323836e-01 
 5.95000000e-08  4.78364471e-01 
 6.15000000e-08  1.86509725e-01 
 6.35000000e-08  1.30777329e-01 
 6.55000000e-08  4.32364095e-01 
 6.75000000e-08  3.83054381e-01 
 6.95000000e-08  9.01705165e-02 
 7.15000000e-08  2.64325162e-01 
 3.50000000e-09  3.25035068e-01 
 5.50000000e-09  8.77538179e-02 
 7.50000000e-09  3.89748897e-01 
 9.50000000e-09  4.01336874e-01 
 1.15000000e-08  8.57534731e-02 
 1.35000000e-08  3.20888616e-01 
 1.55000000e-08  4.56899616e-01 
 1.75000000e-08  1.14106694e-01 
 1.95000000e-08  2.45548219e-01 
 2.15000000e-08  4.81459796e-01 
 2.35000000e-08  1.69172402e-01 
 2.55000000e-08  1.74689132e-01 
 2.75000000e-08  4.75309171e-01 
 2.95000000e-08  2.43151726e-01 
 3.15000000e-08  1.19163050e-01 
 3.35000000e-08  4.43204920e-01 
 3.55000000e-08  3.25033589e-01 
 3.75000000e-08  8.77540760e-02 
 3.95000000e-08  3.89748833e-01 
 4.15000000e-08  4.01336907e-01 
 4.35000000e-08  8.57534699e-02 
 4.55000000e-08  3.20888616e-01 
 4.75000000e-08  4.56899616e-01 
 4.95000000e-08  1.14106694e-01 
 5.15000000e-08  2.45547399e-01 
 5.35000000e-08  4.81458537e-01 
 5.55000000e-08  1.69173119e-01 
 5.75000000e-08  1.74689137e-01 
 5.95000000e-08  4.75309167e-01 
 6.15000000e-08  2.43151585e-01 
 6.35000000e-08  1.19163329e-01 
 6.55000000e-08  4.43204454e-01 
 6.75000000e-08  3.25033952e-01 
 6.95000000e-08  8.77540101e-02 
 7.15000000e-08  3.89748434e-01 
 3.50000000e-09  2.63358529e-01 
 5.50000000e-09  1.31377166e-01 
 7.50000000e-09  4.68805145e-01 
 9.50000000e-09  2.23297766e-01 
 1.15000000e-08  1.59286453e-01 
 1.35000000e-08  4.78876391e-01 
 1.55000000e-08  1.86049562e-01 
 1.75000000e-08  1.91642556e-01 
 1.95000000e-08  4.82264924e-01 
 2.15000000e-08  1.53006596e-01 
 2.35000000e-08  2.27167213e-01 
 2.55000000e-08  4.78302432e-01 
 2.75000000e-08  1.25366264e-01 
 2.95000000e-08  2.64488753e-01 
 3.15000000e-08  4.66363060e-01 
 3.35000000e-08  1.04107381e-01 
 3.55000000e-08  3.02183762e-01 
 3.75000000e-08  4.46214677e-01 
 3.95000000e-08  8.99557332e-02 
 4.15000000e-08  3.38867253e-01 
 4.35000000e-08  4.18364887e-01 
 4.55000000e-08  8.33586765e-02 
 4.75000000e-08  3.73262268e-01 
 4.95000000e-08  3.84176403e-01 
 5.15000000e-08  8.44753386e-02 
 5.35000000e-08  4.04255637e-01 
 5.55000000e-08  3.45599970e-01 
 5.75000000e-08  9.31715521e-02 
 5.95000000e-08  4.30951504e-01 
 6.15000000e-08  3.04694128e-01 
 6.35000000e-08  1.09032983e-01 
 6.55000000e-08  4.52654271e-01 
 6.75000000e-08  2.63358449e-01 
 6.95000000e-08  1.31377222e-01 
 7.15000000e-08  4.68804811e-01 
 3.50000000e-09  2.04040514e-01 
 5.50000000e-09  2.09336322e-01 
 7.50000000e-09  4.73419194e-01 
 9.50000000e-09  9.59634102e-02 
 1.15000000e-08  3.56098186e-01 
 1.35000000e-08  3.65791868e-01 
 1.55000000e-08  1.00471771e-01 
 1.75000000e-08  4.60700103e-01 
 1.95000000e-08  2.04040399e-01 
 2.15000000e-08  2.09334768e-01 
 2.35000000e-08  4.73420416e-01 
 2.55000000e-08  9.59632938e-02 
 2.75000000e-08  3.56098845e-01 
 2.95000000e-08  3.65790288e-01 
 3.15000000e-08  1.00471660e-01 
 3.35000000e-08  4.60699766e-01 
 3.55000000e-08  2.04040196e-01 
 3.75000000e-08  2.09334800e-01 
 3.95000000e-08  4.73420024e-01 
 4.15000000e-08  9.59635784e-02 
 4.35000000e-08  3.56098735e-01 
 4.55000000e-08  3.65790812e-01 
 4.75000000e-08  1.00472065e-01 
 4.95000000e-08  4.60700226e-01 
 5.15000000e-08  2.04040538e-01 
 5.35000000e-08  2.09335851e-01 
 5.55000000e-08  4.73419063e-01 
 5.75000000e-08  9.59636920e-02 
 5.95000000e-08  3.56098284e-01 
 6.15000000e-08  3.65791362e-01 
 6.35000000e-08  1.00471686e-01 
 6.55000000e-08  4.60699780e-01 
 6.75000000e-08  2.04040453e-01 
 6.95000000e-08  2.09334860e-01 
 7.15000000e-08  4.73419838e-01 
 3.50000000e-09  1.52498462e-01 
 5.50000000e-09  3.02055956e-01 
 7.50000000e-09  3.85287103e-01 
 9.50000000e-09  1.09558686e-01 
 1.15000000e-08  4.77636594e-01 
 1.35000000e-08  1.24892954e-01 
 1.55000000e-08  3.38399343e-01 
 1.75000000e-08  3.46392149e-01 
 1.95000000e-08  1.31987908e-01 
 2.15000000e-08  4.81450022e-01 
 2.35000000e-08  1.03743805e-01 
 2.55000000e-08  3.72440824e-01 
 2.75000000e-08  3.05073706e-01 
 2.95000000e-08  1.59908480e-01 
 3.15000000e-08  4.78060231e-01 
 3.35000000e-08  8.97570164e-02 
 3.55000000e-08  4.03112378e-01 
 3.75000000e-08  2.63360966e-01 
 3.95000000e-08  1.92194282e-01 
 4.15000000e-08  4.66753705e-01 
 4.35000000e-08  8.33563379e-02 
 4.55000000e-08  4.29562463e-01 
 4.75000000e-08  2.23017499e-01 
 4.95000000e-08  2.27568655e-01 
 5.15000000e-08  4.47128784e-01 
 5.35000000e-08  8.46742250e-02 
 5.55000000e-08  4.51144069e-01 
 5.75000000e-08  1.85601763e-01 
 5.95000000e-08  2.64657278e-01 
 6.15000000e-08  4.19539316e-01 
 6.35000000e-08  9.35545725e-02 
 6.55000000e-08  4.67336335e-01 
 6.75000000e-08  1.52498503e-01 
 6.95000000e-08  3.02054791e-01 
 7.15000000e-08  3.85287112e-01 
 3.50000000e-09  1.13252451e-01 
 5.50000000e-09  3.87770241e-01 
 7.50000000e-09  2.42846672e-01 
 9.50000000e-09  2.46135832e-01 
 1.15000000e-08  4.03699336e-01 
 1.35000000e-08  1.20315902e-01 
 1.55000000e-08  4.80381969e-01 
 1.75000000e-08  8.55482220e-02 
 1.95000000e-08  4.40270659e-01 
 2.15000000e-08  1.68192765e-01 
 2.35000000e-08  3.20297591e-01 
 2.55000000e-08  3.26205759e-01 
 2.75000000e-08  1.75884133e-01 
 2.95000000e-08  4.58253212e-01 
 3.15000000e-08  8.83429313e-02 
 3.35000000e-08  4.72555173e-01 
 3.55000000e-08  1.13252488e-01 
 3.75000000e-08  3.87770240e-01 
 3.95000000e-08  2.42846725e-01 
 4.15000000e-08  2.46135912e-01 
 4.35000000e-08  4.03698517e-01 
 4.55000000e-08  1.20315575e-01 
 4.75000000e-08  4.80381959e-01 
 4.95000000e-08  8.55479830e-02 
 5.15000000e-08  4.40270468e-01 
 5.35000000e-08  1.68192879e-01 
 5.55000000e-08  3.20298075e-01 
 5.75000000e-08  3.26205756e-01 
 5.95000000e-08  1.75884120e-01 
 6.15000000e-08  4.58253223e-01 
 6.35000000e-08  8.83429132e-02 
 6.55000000e-08  4.72555829e-01 
 6.75000000e-08  1.13252450e-01 
 6.95000000e-08  3.87770241e-01 
 7.15000000e-08  2.42846668e-01 
 3.50000000e-09  8.95751637e-02 
 5.50000000e-09  4.49646558e-01 
 7.50000000e-09  1.24432435e-01 
 9.50000000e-09  4.01995340e-01 
 1.15000000e-08  1.85169174e-01 
 1.35000000e-08  3.37945601e-01 
 1.55000000e-08  2.63385462e-01 
 1.75000000e-08  2.64833615e-01 
 1.95000000e-08  3.47202506e-01 
 2.15000000e-08  1.92752654e-01 
 2.35000000e-08  4.20620326e-01 
 2.55000000e-08  1.32607020e-01 
 2.75000000e-08  4.66963674e-01 
 2.95000000e-08  9.39510630e-02 
 3.15000000e-08  4.80527827e-01 
 3.35000000e-08  8.33699617e-02 
 3.55000000e-08  4.65853438e-01 
 3.75000000e-08  1.03395584e-01 
 3.95000000e-08  4.28199214e-01 
 4.15000000e-08  1.52003775e-01 
 4.35000000e-08  3.71641417e-01 
 4.55000000e-08  2.22755306e-01 
 4.75000000e-08  3.01938266e-01 
 4.95000000e-08  3.05481578e-01 
 5.15000000e-08  2.27973363e-01 
 5.35000000e-08  3.86369491e-01 
 5.55000000e-08  1.60536312e-01 
 5.75000000e-08  4.47885952e-01 
 5.95000000e-08  1.10096454e-01 
 6.15000000e-08  4.77663587e-01 
 6.35000000e-08  8.48892765e-02 
 6.55000000e-08  4.76344825e-01 
 6.75000000e-08  8.95753032e-02 
 6.95000000e-08  4.49646261e-01 
 7.15000000e-08  1.24432400e-01 
