 time            v(vop)         
 3.50000000e-09  3.55913157e-01 
 5.50000000e-09  3.91909642e-01 
 7.50000000e-09  4.24315124e-01 
 9.50000000e-09  4.51864059e-01 
 1.15000000e-08  4.73509703e-01 
 1.35000000e-08  4.88401617e-01 
 1.55000000e-08  4.95996854e-01 
 1.75000000e-08  4.96010327e-01 
 1.95000000e-08  4.88400915e-01 
 2.15000000e-08  4.73485981e-01 
 2.35000000e-08  4.51818717e-01 
 2.55000000e-08  4.24253310e-01 
 2.75000000e-08  3.91838215e-01 
 2.95000000e-08  3.55814540e-01 
 3.15000000e-08  3.17592747e-01 
 3.35000000e-08  2.78623534e-01 
 3.55000000e-08  2.40398201e-01 
 3.75000000e-08  2.04371251e-01 
 3.95000000e-08  1.71969574e-01 
 4.15000000e-08  1.44445308e-01 
 4.35000000e-08  1.22786136e-01 
 4.55000000e-08  1.07900902e-01 
 4.75000000e-08  1.00315452e-01 
 4.95000000e-08  1.00338470e-01 
 5.15000000e-08  1.07968743e-01 
 5.35000000e-08  1.22898047e-01 
 5.55000000e-08  1.44559707e-01 
 5.75000000e-08  1.72109284e-01 
 5.95000000e-08  2.04522953e-01 
 6.15000000e-08  2.40527360e-01 
 6.35000000e-08  2.78725784e-01 
 6.55000000e-08  3.17695722e-01 
 6.75000000e-08  3.55913058e-01 
 6.95000000e-08  3.91909703e-01 
 7.15000000e-08  4.24300910e-01 
 7.35000000e-08  4.51864198e-01 
 3.50000000e-09  4.08666585e-01 
 5.50000000e-09  4.63450635e-01 
 7.50000000e-09  4.93143544e-01 
 9.50000000e-09  4.93123021e-01 
 1.15000000e-08  4.63433493e-01 
 1.35000000e-08  4.08558429e-01 
 1.55000000e-08  3.36836227e-01 
 1.75000000e-08  2.59248039e-01 
 1.95000000e-08  1.87583727e-01 
 2.15000000e-08  1.32743469e-01 
 2.35000000e-08  1.03164238e-01 
 2.55000000e-08  1.03245817e-01 
 2.75000000e-08  1.32991071e-01 
 2.95000000e-08  1.87890376e-01 
 3.15000000e-08  2.59517686e-01 
 3.35000000e-08  3.37034484e-01 
 3.55000000e-08  4.08677626e-01 
 3.75000000e-08  4.63451175e-01 
 3.95000000e-08  4.93131492e-01 
 4.15000000e-08  4.93115074e-01 
 4.35000000e-08  4.63429234e-01 
 4.55000000e-08  4.08558515e-01 
 4.75000000e-08  3.36836226e-01 
 4.95000000e-08  2.59248039e-01 
 5.15000000e-08  1.87583724e-01 
 5.35000000e-08  1.32775241e-01 
 5.55000000e-08  1.03157373e-01 
 5.75000000e-08  1.03239482e-01 
 5.95000000e-08  1.32991112e-01 
 6.15000000e-08  1.87892649e-01 
 6.35000000e-08  2.59517713e-01 
 6.55000000e-08  3.37034437e-01 
 6.75000000e-08  4.08677623e-01 
 6.95000000e-08  4.63451175e-01 
 7.15000000e-08  4.93142600e-01 
 7.35000000e-08  4.93145992e-01 
 3.50000000e-09  4.51851133e-01 
 5.50000000e-09  4.95955956e-01 
 7.50000000e-09  4.73438665e-01 
 9.50000000e-09  3.91785969e-01 
 1.15000000e-08  2.78553102e-01 
 1.35000000e-08  1.71874821e-01 
 1.55000000e-08  1.07859992e-01 
 1.75000000e-08  1.08063490e-01 
 1.95000000e-08  1.72290749e-01 
 2.15000000e-08  2.78841204e-01 
 2.35000000e-08  3.91968725e-01 
 2.55000000e-08  4.73461752e-01 
 2.75000000e-08  4.95956707e-01 
 2.95000000e-08  4.51786124e-01 
 3.15000000e-08  3.55750724e-01 
 3.35000000e-08  2.40301227e-01 
 3.55000000e-08  1.44344198e-01 
 3.75000000e-08  1.00328935e-01 
 3.95000000e-08  1.23020749e-01 
 4.15000000e-08  2.04666863e-01 
 4.35000000e-08  3.17816022e-01 
 4.55000000e-08  4.24326962e-01 
 4.75000000e-08  4.88366907e-01 
 4.95000000e-08  4.88376689e-01 
 5.15000000e-08  4.24188240e-01 
 5.35000000e-08  3.17519368e-01 
 5.55000000e-08  2.04276075e-01 
 5.75000000e-08  1.22702471e-01 
 5.95000000e-08  1.00394026e-01 
 6.15000000e-08  1.44679012e-01 
 6.35000000e-08  2.40647149e-01 
 6.55000000e-08  3.55972896e-01 
 6.75000000e-08  4.51847516e-01 
 6.95000000e-08  4.95957435e-01 
 7.15000000e-08  4.73460308e-01 
 7.35000000e-08  3.91782268e-01 
 3.50000000e-09  4.81758513e-01 
 5.50000000e-09  4.81757131e-01 
 7.50000000e-09  3.74080626e-01 
 9.50000000e-09  2.21838421e-01 
 1.15000000e-08  1.14382447e-01 
 1.35000000e-08  1.14748038e-01 
 1.55000000e-08  2.22426389e-01 
 1.75000000e-08  3.74410944e-01 
 1.95000000e-08  4.81746326e-01 
 2.15000000e-08  4.81758243e-01 
 2.35000000e-08  3.74079473e-01 
 2.55000000e-08  2.21838634e-01 
 2.75000000e-08  1.14398103e-01 
 2.95000000e-08  1.14723743e-01 
 3.15000000e-08  2.22423877e-01 
 3.35000000e-08  3.74412963e-01 
 3.55000000e-08  4.81758627e-01 
 3.75000000e-08  4.81777649e-01 
 3.95000000e-08  3.74079490e-01 
 4.15000000e-08  2.21829622e-01 
 4.35000000e-08  1.14398040e-01 
 4.55000000e-08  1.14754754e-01 
 4.75000000e-08  2.22448273e-01 
 4.95000000e-08  3.74412072e-01 
 5.15000000e-08  4.81746193e-01 
 5.35000000e-08  4.81757651e-01 
 5.55000000e-08  3.74079461e-01 
 5.75000000e-08  2.21838302e-01 
 5.95000000e-08  1.14403826e-01 
 6.15000000e-08  1.14758707e-01 
 6.35000000e-08  2.22429023e-01 
 6.55000000e-08  3.74397665e-01 
 6.75000000e-08  4.81745849e-01 
 6.95000000e-08  4.81756678e-01 
 7.15000000e-08  3.74107996e-01 
 7.35000000e-08  2.21840741e-01 
 3.50000000e-09  4.95877411e-01 
 5.50000000e-09  4.24121415e-01 
 7.50000000e-09  2.40238556e-01 
 9.50000000e-09  1.07864447e-01 
 1.15000000e-08  1.44904596e-01 
 1.35000000e-08  3.17966272e-01 
 1.55000000e-08  4.73373220e-01 
 1.75000000e-08  4.73414516e-01 
 1.95000000e-08  3.17457205e-01 
 2.15000000e-08  1.44332906e-01 
 2.35000000e-08  1.08216754e-01 
 2.55000000e-08  2.40803090e-01 
 2.75000000e-08  4.24332945e-01 
 2.95000000e-08  4.95869809e-01 
 3.15000000e-08  3.91688945e-01 
 3.35000000e-08  2.04192978e-01 
 3.55000000e-08  1.00377855e-01 
 3.75000000e-08  1.72484094e-01 
 3.95000000e-08  3.56062011e-01 
 4.15000000e-08  4.88267220e-01 
 4.35000000e-08  4.51734251e-01 
 4.55000000e-08  2.78441323e-01 
 4.75000000e-08  1.22742876e-01 
 4.95000000e-08  1.23156846e-01 
 5.15000000e-08  2.78971443e-01 
 5.35000000e-08  4.51818759e-01 
 5.55000000e-08  4.88299178e-01 
 5.75000000e-08  3.55625559e-01 
 5.95000000e-08  1.71786240e-01 
 6.15000000e-08  1.00488572e-01 
 6.35000000e-08  2.04921087e-01 
 6.55000000e-08  3.92035484e-01 
 6.75000000e-08  4.95876600e-01 
 6.95000000e-08  4.24127713e-01 
 7.15000000e-08  2.40238795e-01 
 7.35000000e-08  1.07867294e-01 
 3.50000000e-09  4.92977226e-01 
 5.50000000e-09  3.36685882e-01 
 7.50000000e-09  1.32649885e-01 
 9.50000000e-09  1.33311325e-01 
 1.15000000e-08  3.37265773e-01 
 1.35000000e-08  4.92970298e-01 
 1.55000000e-08  4.08387930e-01 
 1.75000000e-08  1.87352903e-01 
 1.95000000e-08  1.03479927e-01 
 2.15000000e-08  2.59904438e-01 
 2.35000000e-08  4.63388073e-01 
 2.55000000e-08  4.63294594e-01 
 2.75000000e-08  2.59024771e-01 
 2.95000000e-08  1.03223088e-01 
 3.15000000e-08  1.88246709e-01 
 3.35000000e-08  4.08701747e-01 
 3.55000000e-08  4.92985025e-01 
 3.75000000e-08  3.36638181e-01 
 3.95000000e-08  1.32714063e-01 
 4.15000000e-08  1.33311541e-01 
 4.35000000e-08  3.37265789e-01 
 4.55000000e-08  4.92970286e-01 
 4.75000000e-08  4.08388700e-01 
 4.95000000e-08  1.87352874e-01 
 5.15000000e-08  1.03479926e-01 
 5.35000000e-08  2.59858717e-01 
 5.55000000e-08  4.63403069e-01 
 5.75000000e-08  4.63297076e-01 
 5.95000000e-08  2.59071714e-01 
 6.15000000e-08  1.03214770e-01 
 6.35000000e-08  1.88303251e-01 
 6.55000000e-08  4.08700828e-01 
 6.75000000e-08  4.92990403e-01 
 6.95000000e-08  3.36638181e-01 
 7.15000000e-08  1.32650097e-01 
 7.35000000e-08  1.33335967e-01 
 3.50000000e-09  4.73269900e-01 
 5.50000000e-09  2.40119454e-01 
 7.50000000e-09  1.00613959e-01 
 9.50000000e-09  2.79272414e-01 
 1.15000000e-08  4.88187411e-01 
 1.35000000e-08  3.91600479e-01 
 1.55000000e-08  1.44241092e-01 
 1.75000000e-08  1.45117864e-01 
 1.95000000e-08  3.92078859e-01 
 2.15000000e-08  4.88151716e-01 
 2.35000000e-08  2.78403427e-01 
 2.55000000e-08  1.00462228e-01 
 2.75000000e-08  2.40989166e-01 
 2.95000000e-08  4.73258175e-01 
 3.15000000e-08  4.24055149e-01 
 3.35000000e-08  1.71800568e-01 
 3.55000000e-08  1.23373279e-01 
 3.75000000e-08  3.56124167e-01 
 3.95000000e-08  4.95779227e-01 
 4.15000000e-08  3.17400956e-01 
 4.35000000e-08  1.07915212e-01 
 4.55000000e-08  2.05087547e-01 
 4.75000000e-08  4.51787918e-01 
 4.95000000e-08  4.51578074e-01 
 5.15000000e-08  2.04104929e-01 
 5.35000000e-08  1.08370608e-01 
 5.55000000e-08  3.18043034e-01 
 5.75000000e-08  4.95765664e-01 
 5.95000000e-08  3.55593802e-01 
 6.15000000e-08  1.22748211e-01 
 6.35000000e-08  1.72645397e-01 
 6.55000000e-08  4.24294757e-01 
 6.75000000e-08  4.73273589e-01 
 6.95000000e-08  2.40190462e-01 
 7.15000000e-08  1.00611674e-01 
 7.35000000e-08  2.79292911e-01 
 3.50000000e-09  4.38400363e-01 
 5.50000000e-09  1.57412275e-01 
 7.50000000e-09  1.58408172e-01 
 9.50000000e-09  4.38699688e-01 
 1.15000000e-08  4.38391535e-01 
 1.35000000e-08  1.57313783e-01 
 1.55000000e-08  1.58321815e-01 
 1.75000000e-08  4.38723873e-01 
 1.95000000e-08  4.38393029e-01 
 2.15000000e-08  1.57412506e-01 
 2.35000000e-08  1.58408558e-01 
 2.55000000e-08  4.38699887e-01 
 2.75000000e-08  4.38398811e-01 
 2.95000000e-08  1.57412964e-01 
 3.15000000e-08  1.58326496e-01 
 3.35000000e-08  4.38677107e-01 
 3.55000000e-08  4.38391561e-01 
 3.75000000e-08  1.57413096e-01 
 3.95000000e-08  1.58420490e-01 
 4.15000000e-08  4.38705698e-01 
 4.35000000e-08  4.38392984e-01 
 4.55000000e-08  1.57413596e-01 
 4.75000000e-08  1.58407547e-01 
 4.95000000e-08  4.38694917e-01 
 5.15000000e-08  4.38393481e-01 
 5.35000000e-08  1.57412428e-01 
 5.55000000e-08  1.58407791e-01 
 5.75000000e-08  4.38694678e-01 
 5.95000000e-08  4.38393430e-01 
 6.15000000e-08  1.57412490e-01 
 6.35000000e-08  1.58409047e-01 
 6.55000000e-08  4.38699329e-01 
 6.75000000e-08  4.38399078e-01 
 6.95000000e-08  1.57320709e-01 
 7.15000000e-08  1.58407559e-01 
 7.35000000e-08  4.38715229e-01 
 3.50000000e-09  3.91554755e-01 
 5.50000000e-09  1.08001340e-01 
 7.50000000e-09  2.79292665e-01 
 9.50000000e-09  4.95603535e-01 
 1.15000000e-08  2.40166069e-01 
 1.35000000e-08  1.23545261e-01 
 1.55000000e-08  4.24318765e-01 
 1.75000000e-08  4.23867635e-01 
 1.95000000e-08  1.22823166e-01 
 2.15000000e-08  2.41177745e-01 
 2.35000000e-08  4.95592170e-01 
 2.55000000e-08  2.78225739e-01 
 2.75000000e-08  1.08581631e-01 
 2.95000000e-08  3.92132658e-01 
 3.15000000e-08  4.51464510e-01 
 3.35000000e-08  1.44275654e-01 
 3.55000000e-08  2.05255831e-01 
 3.75000000e-08  4.88006646e-01 
 3.95000000e-08  3.17315286e-01 
 4.15000000e-08  1.00777562e-01 
 4.35000000e-08  3.56222505e-01 
 4.55000000e-08  4.73133938e-01 
 4.75000000e-08  1.71682229e-01 
 4.95000000e-08  1.72897723e-01 
 5.15000000e-08  4.73105477e-01 
 5.35000000e-08  3.55471029e-01 
 5.55000000e-08  1.00596126e-01 
 5.75000000e-08  3.18188192e-01 
 5.95000000e-08  4.88013763e-01 
 6.15000000e-08  2.04168470e-01 
 6.35000000e-08  1.45296976e-01 
 6.55000000e-08  4.51700098e-01 
 6.75000000e-08  3.91443261e-01 
 6.95000000e-08  1.08001454e-01 
 7.15000000e-08  2.79363641e-01 
 7.35000000e-08  4.95605533e-01 
 3.50000000e-09  3.36452426e-01 
 5.50000000e-09  1.03844755e-01 
 7.50000000e-09  4.08730279e-01 
 9.50000000e-09  4.08165380e-01 
 1.15000000e-08  1.03411715e-01 
 1.35000000e-08  3.37452108e-01 
 1.55000000e-08  4.62956105e-01 
 1.75000000e-08  1.32783729e-01 
 1.95000000e-08  2.60297798e-01 
 2.15000000e-08  4.92646440e-01 
 2.35000000e-08  1.87371875e-01 
 2.55000000e-08  1.88791245e-01 
 2.75000000e-08  4.92658519e-01 
 2.95000000e-08  2.59011043e-01 
 3.15000000e-08  1.33869113e-01 
 3.35000000e-08  4.63199799e-01 
 3.55000000e-08  3.36449724e-01 
 3.75000000e-08  1.03847248e-01 
 3.95000000e-08  4.08698928e-01 
 4.15000000e-08  4.08159345e-01 
 4.35000000e-08  1.03411939e-01 
 4.55000000e-08  3.37472485e-01 
 4.75000000e-08  4.62980404e-01 
 4.95000000e-08  1.32783888e-01 
 5.15000000e-08  2.60292697e-01 
 5.35000000e-08  4.92627864e-01 
 5.55000000e-08  1.87356905e-01 
 5.75000000e-08  1.88851841e-01 
 5.95000000e-08  4.92662340e-01 
 6.15000000e-08  2.59011746e-01 
 6.35000000e-08  1.33914426e-01 
 6.55000000e-08  4.63203526e-01 
 6.75000000e-08  3.36449721e-01 
 6.95000000e-08  1.03847229e-01 
 7.15000000e-08  4.08697362e-01 
 7.35000000e-08  4.08236286e-01 
 3.50000000e-09  2.78363323e-01 
 5.50000000e-09  1.45568217e-01 
 7.50000000e-09  4.87862522e-01 
 9.50000000e-09  2.40222363e-01 
 1.15000000e-08  1.73159085e-01 
 1.35000000e-08  4.95377308e-01 
 1.55000000e-08  2.04162140e-01 
 1.75000000e-08  2.05565258e-01 
 1.95000000e-08  4.95355390e-01 
 2.15000000e-08  1.71703457e-01 
 2.35000000e-08  2.41375341e-01 
 2.55000000e-08  4.87776711e-01 
 2.75000000e-08  1.44278834e-01 
 2.95000000e-08  2.79480136e-01 
 3.15000000e-08  4.72953272e-01 
 3.35000000e-08  1.22802827e-01 
 3.55000000e-08  3.18414507e-01 
 3.75000000e-08  4.51302730e-01 
 3.95000000e-08  1.08094671e-01 
 4.15000000e-08  3.56343075e-01 
 4.35000000e-08  4.23735234e-01 
 4.55000000e-08  1.00741541e-01 
 4.75000000e-08  3.92172968e-01 
 4.95000000e-08  3.91371767e-01 
 5.15000000e-08  1.00983444e-01 
 5.35000000e-08  4.24264556e-01 
 5.55000000e-08  3.55386708e-01 
 5.75000000e-08  1.08815180e-01 
 5.95000000e-08  4.51599145e-01 
 6.15000000e-08  3.17204439e-01 
 6.35000000e-08  1.23793673e-01 
 6.55000000e-08  4.73015224e-01 
 6.75000000e-08  2.78257924e-01 
 6.95000000e-08  1.45577103e-01 
 7.15000000e-08  4.87874184e-01 
 7.35000000e-08  2.40224969e-01 
 3.50000000e-09  2.21582243e-01 
 5.50000000e-09  2.23375600e-01 
 7.50000000e-09  4.81174439e-01 
 9.50000000e-09  1.14610833e-01 
 1.15000000e-08  3.74732319e-01 
 1.35000000e-08  3.73662737e-01 
 1.55000000e-08  1.15648656e-01 
 1.75000000e-08  4.81190844e-01 
 1.95000000e-08  2.21651165e-01 
 2.15000000e-08  2.23418644e-01 
 2.35000000e-08  4.81175224e-01 
 2.55000000e-08  1.14627015e-01 
 2.75000000e-08  3.74734803e-01 
 2.95000000e-08  3.73630584e-01 
 3.15000000e-08  1.15650856e-01 
 3.35000000e-08  4.81219697e-01 
 3.55000000e-08  2.21603672e-01 
 3.75000000e-08  2.23403674e-01 
 3.95000000e-08  4.81175061e-01 
 4.15000000e-08  1.14619162e-01 
 4.35000000e-08  3.74706642e-01 
 4.55000000e-08  3.73623463e-01 
 4.75000000e-08  1.15647397e-01 
 4.95000000e-08  4.81180433e-01 
 5.15000000e-08  2.21650709e-01 
 5.35000000e-08  2.23415744e-01 
 5.55000000e-08  4.81175234e-01 
 5.75000000e-08  1.14611220e-01 
 5.95000000e-08  3.74734775e-01 
 6.15000000e-08  3.73658593e-01 
 6.35000000e-08  1.15657332e-01 
 6.55000000e-08  4.81177388e-01 
 6.75000000e-08  2.21717876e-01 
 6.95000000e-08  2.23382495e-01 
 7.15000000e-08  4.81149370e-01 
 7.35000000e-08  1.14726249e-01 
 3.50000000e-09  1.71952816e-01 
 5.50000000e-09  3.18599814e-01 
 7.50000000e-09  3.91247579e-01 
 9.50000000e-09  1.24224524e-01 
 1.15000000e-08  4.95130503e-01 
 1.35000000e-08  1.44400874e-01 
 1.55000000e-08  3.56347831e-01 
 1.75000000e-08  3.55215125e-01 
 1.95000000e-08  1.45950922e-01 
 2.15000000e-08  4.95110212e-01 
 2.35000000e-08  1.23041809e-01 
 2.55000000e-08  3.92070073e-01 
 2.75000000e-08  3.17211787e-01 
 2.95000000e-08  1.73452151e-01 
 3.15000000e-08  4.87531133e-01 
 3.35000000e-08  1.08256572e-01 
 3.55000000e-08  4.24234734e-01 
 3.75000000e-08  2.78278614e-01 
 3.95000000e-08  2.05824551e-01 
 4.15000000e-08  4.72653058e-01 
 4.35000000e-08  1.00941558e-01 
 4.55000000e-08  4.51463799e-01 
 4.75000000e-08  2.40032993e-01 
 4.95000000e-08  2.41760076e-01 
 5.15000000e-08  4.51012979e-01 
 5.35000000e-08  1.01246368e-01 
 5.55000000e-08  4.72817823e-01 
 5.75000000e-08  2.04279087e-01 
 5.95000000e-08  2.79960916e-01 
 6.15000000e-08  4.23618054e-01 
 6.35000000e-08  1.09032006e-01 
 6.55000000e-08  4.87598391e-01 
 6.75000000e-08  1.71899014e-01 
 6.95000000e-08  3.18564678e-01 
 7.15000000e-08  3.91255177e-01 
 7.35000000e-08  1.24219450e-01 
 3.50000000e-09  1.33012679e-01 
 5.50000000e-09  4.08669431e-01 
 7.50000000e-09  2.59001467e-01 
 9.50000000e-09  2.60494215e-01 
 1.15000000e-08  4.07838866e-01 
 1.35000000e-08  1.34383594e-01 
 1.55000000e-08  4.92087361e-01 
 1.75000000e-08  1.03783587e-01 
 1.95000000e-08  4.62920110e-01 
 2.15000000e-08  1.87597287e-01 
 2.35000000e-08  3.37666246e-01 
 2.55000000e-08  3.36210053e-01 
 2.75000000e-08  1.89404165e-01 
 2.95000000e-08  4.62552268e-01 
 3.15000000e-08  1.04375894e-01 
 3.35000000e-08  4.92209541e-01 
 3.55000000e-08  1.33012368e-01 
 3.75000000e-08  4.08669415e-01 
 3.95000000e-08  2.58852047e-01 
 4.15000000e-08  2.60778099e-01 
 4.35000000e-08  4.07846904e-01 
 4.55000000e-08  1.34522040e-01 
 4.75000000e-08  4.92122668e-01 
 4.95000000e-08  1.03768168e-01 
 5.15000000e-08  4.62901206e-01 
 5.35000000e-08  1.87401503e-01 
 5.55000000e-08  3.37685826e-01 
 5.75000000e-08  3.36255854e-01 
 5.95000000e-08  1.89510913e-01 
 6.15000000e-08  4.62552064e-01 
 6.35000000e-08  1.04376344e-01 
 6.55000000e-08  4.92209583e-01 
 6.75000000e-08  1.33012320e-01 
 6.95000000e-08  4.08669413e-01 
 7.15000000e-08  2.59002563e-01 
 7.35000000e-08  2.60853285e-01 
 3.50000000e-09  1.08541305e-01 
 5.50000000e-09  4.72617556e-01 
 7.50000000e-09  1.44532590e-01 
 9.50000000e-09  4.24142598e-01 
 1.15000000e-08  2.04206673e-01 
 1.35000000e-08  3.56442687e-01 
 1.55000000e-08  2.78310774e-01 
 1.75000000e-08  2.79867028e-01 
 1.95000000e-08  3.55136446e-01 
 2.15000000e-08  2.06313077e-01 
 2.35000000e-08  4.23397625e-01 
 2.55000000e-08  1.46307784e-01 
 2.75000000e-08  4.72364388e-01 
 2.95000000e-08  1.09427639e-01 
 3.15000000e-08  4.94828317e-01 
 3.35000000e-08  1.01190395e-01 
 3.55000000e-08  4.87415540e-01 
 3.75000000e-08  1.23184070e-01 
 3.95000000e-08  4.51384435e-01 
 4.15000000e-08  1.71899754e-01 
 4.35000000e-08  3.92122749e-01 
 4.55000000e-08  2.39819777e-01 
 4.75000000e-08  3.18596959e-01 
 4.95000000e-08  3.17197926e-01 
 5.15000000e-08  2.41872586e-01 
 5.35000000e-08  3.91076717e-01 
 5.55000000e-08  1.73707220e-01 
 5.75000000e-08  4.50786009e-01 
 5.95000000e-08  1.24560879e-01 
 6.15000000e-08  4.87247409e-01 
 6.35000000e-08  1.01529334e-01 
 6.55000000e-08  4.94862172e-01 
 6.75000000e-08  1.08458682e-01 
 6.95000000e-08  4.72618585e-01 
 7.15000000e-08  1.44472301e-01 
 7.35000000e-08  4.24157809e-01 
