 time            v(vop)         
 3.50000000e-09  3.49750923e-01 
 5.50000000e-09  3.85502773e-01 
 7.50000000e-09  4.17549490e-01 
 9.50000000e-09  4.44651683e-01 
 1.15000000e-08  4.65768145e-01 
 1.35000000e-08  4.80085013e-01 
 1.55000000e-08  4.87052714e-01 
 1.75000000e-08  4.86401578e-01 
 1.95000000e-08  4.78155090e-01 
 2.15000000e-08  4.62621757e-01 
 2.35000000e-08  4.40419672e-01 
 2.55000000e-08  4.12383121e-01 
 2.75000000e-08  3.79586453e-01 
 2.95000000e-08  3.43297987e-01 
 3.15000000e-08  3.04910375e-01 
 3.35000000e-08  2.65917265e-01 
 3.55000000e-08  2.27791421e-01 
 3.75000000e-08  1.92027543e-01 
 3.95000000e-08  1.59975958e-01 
 4.15000000e-08  1.32867737e-01 
 4.35000000e-08  1.11770012e-01 
 4.55000000e-08  9.74725543e-02 
 4.75000000e-08  9.05338104e-02 
 4.95000000e-08  9.12079016e-02 
 5.15000000e-08  9.94724463e-02 
 5.35000000e-08  1.15021369e-01 
 5.55000000e-08  1.37229872e-01 
 5.75000000e-08  1.65278123e-01 
 5.95000000e-08  1.98045662e-01 
 6.15000000e-08  2.34317524e-01 
 6.35000000e-08  2.72666172e-01 
 6.55000000e-08  3.11646323e-01 
 6.75000000e-08  3.49743070e-01 
 6.95000000e-08  3.85503335e-01 
 7.15000000e-08  4.17549662e-01 
 3.50000000e-09  4.04801717e-01 
 5.50000000e-09  4.57783214e-01 
 7.50000000e-09  4.85062554e-01 
 9.50000000e-09  4.82469846e-01 
 1.15000000e-08  4.50371249e-01 
 1.35000000e-08  3.93665189e-01 
 1.55000000e-08  3.20958953e-01 
 1.75000000e-08  2.43352238e-01 
 1.95000000e-08  1.72671048e-01 
 2.15000000e-08  1.19699584e-01 
 2.35000000e-08  9.24927674e-02 
 2.55000000e-08  9.51738147e-02 
 2.75000000e-08  1.27346505e-01 
 2.95000000e-08  1.84063904e-01 
 3.15000000e-08  2.56681966e-01 
 3.35000000e-08  3.34183207e-01 
 3.55000000e-08  4.04815351e-01 
 3.75000000e-08  4.57783422e-01 
 3.95000000e-08  4.85062283e-01 
 4.15000000e-08  4.82469712e-01 
 4.35000000e-08  4.50380168e-01 
 4.55000000e-08  3.93653571e-01 
 4.75000000e-08  3.20961515e-01 
 4.95000000e-08  2.43337682e-01 
 5.15000000e-08  1.72663944e-01 
 5.35000000e-08  1.19699037e-01 
 5.55000000e-08  9.24919453e-02 
 5.75000000e-08  9.51815297e-02 
 5.95000000e-08  1.27345606e-01 
 6.15000000e-08  1.84061747e-01 
 6.35000000e-08  2.56681771e-01 
 6.55000000e-08  3.34183330e-01 
 6.75000000e-08  4.04797092e-01 
 6.95000000e-08  4.57795445e-01 
 7.15000000e-08  4.85062575e-01 
 3.50000000e-09  4.48680931e-01 
 5.50000000e-09  4.87441401e-01 
 7.50000000e-09  4.59231734e-01 
 9.50000000e-09  3.73551344e-01 
 1.15000000e-08  2.59211082e-01 
 1.35000000e-08  1.54876368e-01 
 1.55000000e-08  9.57504726e-02 
 1.75000000e-08  1.01723946e-01 
 1.95000000e-08  1.70773523e-01 
 2.15000000e-08  2.79415379e-01 
 2.35000000e-08  3.91295225e-01 
 2.55000000e-08  4.68672376e-01 
 2.75000000e-08  4.85487192e-01 
 2.95000000e-08  4.35989672e-01 
 3.15000000e-08  3.36794389e-01 
 3.35000000e-08  2.21360492e-01 
 3.55000000e-08  1.28742359e-01 
 3.75000000e-08  9.01315444e-02 
 3.95000000e-08  1.18513781e-01 
 4.15000000e-08  2.04208078e-01 
 4.35000000e-08  3.18384393e-01 
 4.55000000e-08  4.22551464e-01 
 4.75000000e-08  4.81755706e-01 
 4.95000000e-08  4.75972314e-01 
 5.15000000e-08  4.07048990e-01 
 5.35000000e-08  2.98189222e-01 
 5.55000000e-08  1.86147269e-01 
 5.75000000e-08  1.08783551e-01 
 5.95000000e-08  9.21621583e-02 
 6.15000000e-08  1.41828317e-01 
 6.35000000e-08  2.40886341e-01 
 6.55000000e-08  3.56130842e-01 
 6.75000000e-08  4.48669590e-01 
 6.95000000e-08  4.87440830e-01 
 7.15000000e-08  4.59258539e-01 
 3.50000000e-09  4.77178226e-01 
 5.50000000e-09  4.66995249e-01 
 7.50000000e-09  3.52289539e-01 
 9.50000000e-09  2.00286189e-01 
 1.15000000e-08  1.00244423e-01 
 1.35000000e-08  1.10801171e-01 
 1.55000000e-08  2.25521553e-01 
 1.75000000e-08  3.77132697e-01 
 1.95000000e-08  4.77175928e-01 
 2.15000000e-08  4.67001480e-01 
 2.35000000e-08  3.52317067e-01 
 2.55000000e-08  2.00312993e-01 
 2.75000000e-08  1.00249475e-01 
 2.95000000e-08  1.10813136e-01 
 3.15000000e-08  2.25461311e-01 
 3.35000000e-08  3.77124051e-01 
 3.55000000e-08  4.77176811e-01 
 3.75000000e-08  4.66993796e-01 
 3.95000000e-08  3.52292686e-01 
 4.15000000e-08  2.00309581e-01 
 4.35000000e-08  1.00254306e-01 
 4.55000000e-08  1.10812398e-01 
 4.75000000e-08  2.25460835e-01 
 4.95000000e-08  3.77142109e-01 
 5.15000000e-08  4.77175963e-01 
 5.35000000e-08  4.66994770e-01 
 5.55000000e-08  3.52316904e-01 
 5.75000000e-08  2.00308079e-01 
 5.95000000e-08  1.00246080e-01 
 6.15000000e-08  1.10812826e-01 
 6.35000000e-08  2.25461491e-01 
 6.55000000e-08  3.77207009e-01 
 6.75000000e-08  4.77175782e-01 
 6.95000000e-08  4.66986546e-01 
 7.15000000e-08  3.52316908e-01 
 3.50000000e-09  4.87565428e-01 
 5.50000000e-09  4.01565470e-01 
 7.50000000e-09  2.15086730e-01 
 9.50000000e-09  9.42582137e-02 
 1.15000000e-08  1.46581376e-01 
 1.35000000e-08  3.25090824e-01 
 1.55000000e-08  4.71339740e-01 
 1.75000000e-08  4.55680213e-01 
 1.95000000e-08  2.91387092e-01 
 2.15000000e-08  1.24830487e-01 
 2.35000000e-08  1.04263360e-01 
 2.55000000e-08  2.47590606e-01 
 2.75000000e-08  4.27397679e-01 
 2.95000000e-08  4.84312271e-01 
 3.15000000e-08  3.67418730e-01 
 3.35000000e-08  1.80413148e-01 
 3.55000000e-08  9.00035629e-02 
 3.75000000e-08  1.76349130e-01 
 3.95000000e-08  3.62425016e-01 
 4.15000000e-08  4.83186449e-01 
 4.35000000e-08  4.31381850e-01 
 4.55000000e-08  2.52563940e-01 
 4.75000000e-08  1.06043857e-01 
 4.95000000e-08  1.22232735e-01 
 5.15000000e-08  2.86202037e-01 
 5.35000000e-08  4.52488114e-01 
 5.55000000e-08  4.73551551e-01 
 5.75000000e-08  3.30235703e-01 
 5.95000000e-08  1.49952613e-01 
 6.15000000e-08  9.33735910e-02 
 6.35000000e-08  2.10457074e-01 
 6.55000000e-08  3.96955162e-01 
 6.75000000e-08  4.87566619e-01 
 6.95000000e-08  4.01566843e-01 
 7.15000000e-08  2.15101570e-01 
 3.50000000e-09  4.78850716e-01 
 5.50000000e-09  3.07494406e-01 
 7.50000000e-09  1.13008939e-01 
 9.50000000e-09  1.35900327e-01 
 1.15000000e-08  3.47190087e-01 
 1.35000000e-08  4.86627380e-01 
 1.55000000e-08  3.81966566e-01 
 1.75000000e-08  1.61991602e-01 
 1.95000000e-08  9.89259520e-02 
 2.15000000e-08  2.70217962e-01 
 2.35000000e-08  4.64281472e-01 
 2.55000000e-08  4.42127090e-01 
 2.75000000e-08  2.30313725e-01 
 2.95000000e-08  9.08807289e-02 
 3.15000000e-08  1.96060618e-01 
 3.35000000e-08  4.15378476e-01 
 3.55000000e-08  4.78850486e-01 
 3.75000000e-08  3.07594065e-01 
 3.95000000e-08  1.13009039e-01 
 4.15000000e-08  1.35904490e-01 
 4.35000000e-08  3.47190060e-01 
 4.55000000e-08  4.86627382e-01 
 4.75000000e-08  3.81992169e-01 
 4.95000000e-08  1.61921832e-01 
 5.15000000e-08  9.89136574e-02 
 5.35000000e-08  2.70217296e-01 
 5.55000000e-08  4.64324071e-01 
 5.75000000e-08  4.42113204e-01 
 5.95000000e-08  2.30313184e-01 
 6.15000000e-08  9.08907621e-02 
 6.35000000e-08  1.96054356e-01 
 6.55000000e-08  4.15367579e-01 
 6.75000000e-08  4.78847967e-01 
 6.95000000e-08  3.07593187e-01 
 7.15000000e-08  1.13009010e-01 
 3.50000000e-09  4.51847876e-01 
 5.50000000e-09  2.08884916e-01 
 7.50000000e-09  9.48567195e-02 
 9.50000000e-09  2.93072761e-01 
 1.15000000e-08  4.84340093e-01 
 1.35000000e-08  3.61122400e-01 
 1.55000000e-08  1.21147932e-01 
 1.75000000e-08  1.51510151e-01 
 1.95000000e-08  4.02480990e-01 
 2.15000000e-08  4.70871646e-01 
 2.35000000e-08  2.45962169e-01 
 2.55000000e-08  9.01482660e-02 
 2.75000000e-08  2.54313281e-01 
 2.95000000e-08  4.73763561e-01 
 3.15000000e-08  3.95937295e-01 
 3.35000000e-08  1.45129048e-01 
 3.55000000e-08  1.26147205e-01 
 3.75000000e-08  3.68568306e-01 
 3.95000000e-08  4.82879684e-01 
 4.15000000e-08  2.84571821e-01 
 4.35000000e-08  9.30564996e-02 
 4.55000000e-08  2.16826686e-01 
 4.75000000e-08  4.56096806e-01 
 4.95000000e-08  4.26472554e-01 
 5.15000000e-08  1.74835639e-01 
 5.35000000e-08  1.06988160e-01 
 5.55000000e-08  3.31674868e-01 
 5.75000000e-08  4.87425944e-01 
 5.95000000e-08  3.23623250e-01 
 6.15000000e-08  1.03497446e-01 
 6.35000000e-08  1.82122808e-01 
 6.55000000e-08  4.32108386e-01 
 6.75000000e-08  4.51849034e-01 
 6.95000000e-08  2.08884481e-01 
 7.15000000e-08  9.48549543e-02 
 3.50000000e-09  4.09168020e-01 
 5.50000000e-09  1.30387889e-01 
 7.50000000e-09  1.68986780e-01 
 9.50000000e-09  4.46842787e-01 
 1.15000000e-08  4.09094328e-01 
 1.35000000e-08  1.30445625e-01 
 1.55000000e-08  1.68987390e-01 
 1.75000000e-08  4.46913840e-01 
 1.95000000e-08  4.09034083e-01 
 2.15000000e-08  1.30415511e-01 
 2.35000000e-08  1.68987165e-01 
 2.55000000e-08  4.46902107e-01 
 2.75000000e-08  4.09075664e-01 
 2.95000000e-08  1.30416350e-01 
 3.15000000e-08  1.68986553e-01 
 3.35000000e-08  4.46855197e-01 
 3.55000000e-08  4.09090627e-01 
 3.75000000e-08  1.30397854e-01 
 3.95000000e-08  1.68986797e-01 
 4.15000000e-08  4.46842530e-01 
 4.35000000e-08  4.09161721e-01 
 4.55000000e-08  1.30411511e-01 
 4.75000000e-08  1.68986769e-01 
 4.95000000e-08  4.46840707e-01 
 5.15000000e-08  4.09161746e-01 
 5.35000000e-08  1.30410083e-01 
 5.55000000e-08  1.68986348e-01 
 5.75000000e-08  4.46881157e-01 
 5.95000000e-08  4.09068239e-01 
 6.15000000e-08  1.30396085e-01 
 6.35000000e-08  1.68986783e-01 
 6.55000000e-08  4.46842893e-01 
 6.75000000e-08  4.09073233e-01 
 6.95000000e-08  1.30397004e-01 
 7.15000000e-08  1.68987239e-01 
 3.50000000e-09  3.54852952e-01 
 5.50000000e-09  9.21287104e-02 
 7.50000000e-09  2.99792446e-01 
 9.50000000e-09  4.81149809e-01 
 1.15000000e-08  2.02788684e-01 
 1.35000000e-08  1.30304226e-01 
 1.55000000e-08  4.36480592e-01 
 1.75000000e-08  3.90111071e-01 
 1.95000000e-08  1.01261847e-01 
 2.15000000e-08  2.60940267e-01 
 2.35000000e-08  4.87024195e-01 
 2.55000000e-08  2.39423654e-01 
 2.75000000e-08  1.09988391e-01 
 2.95000000e-08  4.07837037e-01 
 3.15000000e-08  4.21549739e-01 
 3.35000000e-08  1.17697979e-01 
 3.55000000e-08  2.23420076e-01 
 3.75000000e-08  4.85250785e-01 
 3.95000000e-08  2.77844112e-01 
 4.15000000e-08  9.66048287e-02 
 4.35000000e-08  3.74647221e-01 
 4.55000000e-08  4.47809092e-01 
 4.75000000e-08  1.40591260e-01 
 4.95000000e-08  1.88040345e-01 
 5.15000000e-08  4.75943509e-01 
 5.35000000e-08  3.16971366e-01 
 5.55000000e-08  9.05654267e-02 
 5.75000000e-08  3.38343086e-01 
 5.95000000e-08  4.67959595e-01 
 6.15000000e-08  1.69418224e-01 
 6.35000000e-08  1.56648233e-01 
 6.55000000e-08  4.59487903e-01 
 6.75000000e-08  3.54738348e-01 
 6.95000000e-08  9.21497767e-02 
 7.15000000e-08  2.99806581e-01 
 3.50000000e-09  2.94165005e-01 
 5.50000000e-09  1.03766596e-01 
 7.50000000e-09  4.25177697e-01 
 9.50000000e-09  3.69694251e-01 
 1.15000000e-08  9.03769075e-02 
 1.35000000e-08  3.59878078e-01 
 1.55000000e-08  4.33066174e-01 
 1.75000000e-08  1.07294723e-01 
 1.95000000e-08  2.83776108e-01 
 2.15000000e-08  4.74228565e-01 
 2.35000000e-08  1.51916624e-01 
 2.55000000e-08  2.08413520e-01 
 2.75000000e-08  4.87117658e-01 
 2.95000000e-08  2.17618431e-01 
 3.15000000e-08  1.45184330e-01 
 3.35000000e-08  4.69934311e-01 
 3.55000000e-08  2.94164212e-01 
 3.75000000e-08  1.03757560e-01 
 3.95000000e-08  4.25268806e-01 
 4.15000000e-08  3.69839201e-01 
 4.35000000e-08  9.03769489e-02 
 4.55000000e-08  3.59879687e-01 
 4.75000000e-08  4.33050662e-01 
 4.95000000e-08  1.07294483e-01 
 5.15000000e-08  2.83777263e-01 
 5.35000000e-08  4.74225739e-01 
 5.55000000e-08  1.52012837e-01 
 5.75000000e-08  2.08414228e-01 
 5.95000000e-08  4.87124577e-01 
 6.15000000e-08  2.17609777e-01 
 6.35000000e-08  1.45184320e-01 
 6.55000000e-08  4.69920938e-01 
 6.75000000e-08  2.94165002e-01 
 6.95000000e-08  1.03766419e-01 
 7.15000000e-08  4.25203170e-01 
 3.50000000e-09  2.32751965e-01 
 5.50000000e-09  1.61959453e-01 
 7.50000000e-09  4.85899454e-01 
 9.50000000e-09  1.96596603e-01 
 1.15000000e-08  1.94149880e-01 
 1.35000000e-08  4.86344205e-01 
 1.55000000e-08  1.64153580e-01 
 1.75000000e-08  2.29822963e-01 
 1.95000000e-08  4.79245410e-01 
 2.15000000e-08  1.36445907e-01 
 2.35000000e-08  2.67803906e-01 
 2.55000000e-08  4.64822526e-01 
 2.75000000e-08  1.14485737e-01 
 2.95000000e-08  3.06769893e-01 
 3.15000000e-08  4.43437578e-01 
 3.35000000e-08  9.93036880e-02 
 3.55000000e-08  3.44777480e-01 
 3.75000000e-08  4.16401323e-01 
 3.95000000e-08  9.14753361e-02 
 4.15000000e-08  3.80637623e-01 
 4.35000000e-08  3.84274261e-01 
 4.55000000e-08  9.12519129e-02 
 4.75000000e-08  4.13041020e-01 
 4.95000000e-08  3.48244116e-01 
 5.15000000e-08  9.86106008e-02 
 5.35000000e-08  4.40788376e-01 
 5.55000000e-08  3.10287547e-01 
 5.75000000e-08  1.13356863e-01 
 5.95000000e-08  4.62642653e-01 
 6.15000000e-08  2.71129400e-01 
 6.35000000e-08  1.34674977e-01 
 6.55000000e-08  4.77880237e-01 
 6.75000000e-08  2.32751830e-01 
 6.95000000e-08  1.61959398e-01 
 7.15000000e-08  4.85894177e-01 
 3.50000000e-09  1.77084360e-01 
 5.50000000e-09  2.51987138e-01 
 7.50000000e-09  4.53069460e-01 
 9.50000000e-09  9.38774924e-02 
 1.15000000e-08  4.00098227e-01 
 1.35000000e-08  3.26167445e-01 
 1.55000000e-08  1.25182409e-01 
 1.75000000e-08  4.83376802e-01 
 1.95000000e-08  1.77194028e-01 
 2.15000000e-08  2.51985059e-01 
 2.35000000e-08  4.53067311e-01 
 2.55000000e-08  9.39089317e-02 
 2.75000000e-08  4.00091382e-01 
 2.95000000e-08  3.26262220e-01 
 3.15000000e-08  1.25242849e-01 
 3.35000000e-08  4.83377723e-01 
 3.55000000e-08  1.77186450e-01 
 3.75000000e-08  2.51954765e-01 
 3.95000000e-08  4.53070296e-01 
 4.15000000e-08  9.39100093e-02 
 4.35000000e-08  4.00110522e-01 
 4.55000000e-08  3.26254814e-01 
 4.75000000e-08  1.25251783e-01 
 4.95000000e-08  4.83376328e-01 
 5.15000000e-08  1.77116895e-01 
 5.35000000e-08  2.52180547e-01 
 5.55000000e-08  4.53097724e-01 
 5.75000000e-08  9.39094521e-02 
 5.95000000e-08  4.00153646e-01 
 6.15000000e-08  3.26242222e-01 
 6.35000000e-08  1.25182701e-01 
 6.55000000e-08  4.83377754e-01 
 6.75000000e-08  1.77186527e-01 
 6.95000000e-08  2.51948902e-01 
 7.15000000e-08  4.52952082e-01 
 3.50000000e-09  1.32307642e-01 
 5.50000000e-09  3.51283068e-01 
 7.50000000e-09  3.41940230e-01 
 9.50000000e-09  1.39246038e-01 
 1.15000000e-08  4.85434783e-01 
 1.35000000e-08  1.11514280e-01 
 1.55000000e-08  3.86484961e-01 
 1.75000000e-08  3.03593687e-01 
 1.95000000e-08  1.67470717e-01 
 2.15000000e-08  4.77006533e-01 
 2.35000000e-08  9.75813903e-02 
 2.55000000e-08  4.18072639e-01 
 2.75000000e-08  2.64625277e-01 
 2.95000000e-08  2.00449058e-01 
 3.15000000e-08  4.61419142e-01 
 3.35000000e-08  9.10897438e-02 
 3.55000000e-08  4.44803580e-01 
 3.75000000e-08  2.26414623e-01 
 3.95000000e-08  2.36438684e-01 
 4.15000000e-08  4.39179409e-01 
 4.35000000e-08  9.21978088e-02 
 4.55000000e-08  4.65549731e-01 
 4.75000000e-08  1.90979156e-01 
 4.95000000e-08  2.74608672e-01 
 5.15000000e-08  4.11063393e-01 
 5.35000000e-08  1.00867038e-01 
 5.55000000e-08  4.79561784e-01 
 5.75000000e-08  1.59033472e-01 
 5.95000000e-08  3.13323920e-01 
 6.15000000e-08  3.78259255e-01 
 6.35000000e-08  1.16856095e-01 
 6.55000000e-08  4.86280163e-01 
 6.75000000e-08  1.32253336e-01 
 6.95000000e-08  3.51096168e-01 
 7.15000000e-08  3.41962238e-01 
 3.50000000e-09  1.02584425e-01 
 5.50000000e-09  4.34327733e-01 
 7.50000000e-09  2.05338793e-01 
 9.50000000e-09  2.97467360e-01 
 1.15000000e-08  3.57166560e-01 
 1.35000000e-08  1.55283603e-01 
 1.55000000e-08  4.68626299e-01 
 1.75000000e-08  9.09572652e-02 
 1.95000000e-08  4.74503356e-01 
 2.15000000e-08  1.42675219e-01 
 2.35000000e-08  3.72160919e-01 
 2.55000000e-08  2.80610422e-01 
 2.75000000e-08  2.21261124e-01 
 2.95000000e-08  4.23261956e-01 
 3.15000000e-08  1.09435663e-01 
 3.35000000e-08  4.86574229e-01 
 3.55000000e-08  1.02584362e-01 
 3.75000000e-08  4.34327602e-01 
 3.95000000e-08  2.05327050e-01 
 4.15000000e-08  2.97495675e-01 
 4.35000000e-08  3.57286212e-01 
 4.55000000e-08  1.55282123e-01 
 4.75000000e-08  4.68626294e-01 
 4.95000000e-08  9.09573299e-02 
 5.15000000e-08  4.74503393e-01 
 5.35000000e-08  1.42647204e-01 
 5.55000000e-08  3.72154932e-01 
 5.75000000e-08  2.80619183e-01 
 5.95000000e-08  2.21416253e-01 
 6.15000000e-08  4.23180558e-01 
 6.35000000e-08  1.09552261e-01 
 6.55000000e-08  4.86575734e-01 
 6.75000000e-08  1.02584300e-01 
 6.95000000e-08  4.34327484e-01 
 7.15000000e-08  2.05338237e-01 
 3.50000000e-09  9.09801249e-02 
 5.50000000e-09  4.81033887e-01 
 7.50000000e-09  1.08761186e-01 
 9.50000000e-09  4.48778776e-01 
 1.15000000e-08  1.54194718e-01 
 1.35000000e-08  3.92156957e-01 
 1.55000000e-08  2.20299876e-01 
 1.75000000e-08  3.20086722e-01 
 1.95000000e-08  2.96777047e-01 
 2.15000000e-08  2.43339814e-01 
 2.35000000e-08  3.72120335e-01 
 2.55000000e-08  1.73053296e-01 
 2.75000000e-08  4.34530841e-01 
 2.95000000e-08  1.20587862e-01 
 3.15000000e-08  4.74612454e-01 
 3.35000000e-08  9.34162371e-02 
 3.55000000e-08  4.86403668e-01 
 3.75000000e-08  9.61123875e-02 
 3.95000000e-08  4.68280868e-01 
 4.15000000e-08  1.28388456e-01 
 4.35000000e-08  4.22963916e-01 
 4.55000000e-08  1.85091423e-01 
 4.75000000e-08  3.57566850e-01 
 4.95000000e-08  2.58072015e-01 
 5.15000000e-08  2.81698816e-01 
 5.35000000e-08  3.35396860e-01 
 5.55000000e-08  2.06518976e-01 
 5.75000000e-08  4.05371656e-01 
 5.95000000e-08  1.44108869e-01 
 6.15000000e-08  4.57787941e-01 
 6.35000000e-08  1.03357410e-01 
 6.55000000e-08  4.84254421e-01 
 6.75000000e-08  9.09779412e-02 
 6.95000000e-08  4.81025226e-01 
 7.15000000e-08  1.08770136e-01 
