 time            v(vop)         
 1.25000000e-07  3.11920402e-01 
 2.25000000e-07  3.30632213e-01 
 3.25000000e-07  3.47892311e-01 
 4.25000000e-07  3.63029875e-01 
 5.25000000e-07  3.75463716e-01 
 6.25000000e-07  3.84713497e-01 
 7.25000000e-07  3.90418835e-01 
 8.25000000e-07  3.92360352e-01 
 9.25000000e-07  3.90462129e-01 
 1.02500000e-06  3.84796165e-01 
 1.12500000e-06  3.75582652e-01 
 1.22500000e-06  3.63175420e-01 
 1.32500000e-06  3.48053200e-01 
 1.42500000e-06  3.30809029e-01 
 1.52500000e-06  3.12096967e-01 
 1.62500000e-06  2.92647709e-01 
 1.72500000e-06  2.73201672e-01 
 1.82500000e-06  2.54511248e-01 
 1.92500000e-06  2.37288046e-01 
 2.02500000e-06  2.22194690e-01 
 2.12500000e-06  2.09808754e-01 
 2.22500000e-06  2.00603465e-01 
 2.32500000e-06  1.94929361e-01 
 2.42500000e-06  1.93005654e-01 
 2.52500000e-06  1.94904085e-01 
 2.62500000e-06  2.00551018e-01 
 2.72500000e-06  2.09729497e-01 
 2.82500000e-06  2.22091950e-01 
 2.92500000e-06  2.37163545e-01 
 3.02500000e-06  2.54365634e-01 
 3.12500000e-06  2.73040841e-01 
 3.22500000e-06  2.92474313e-01 
 3.32500000e-06  3.11922275e-01 
 3.42500000e-06  3.30632251e-01 
 3.50000000e-06  3.51473103e-01 
 1.25000000e-07  3.30546714e-01 
 2.25000000e-07  3.62957259e-01 
 3.25000000e-07  3.84671646e-01 
 4.25000000e-07  3.92360103e-01 
 5.25000000e-07  3.84838324e-01 
 6.25000000e-07  3.63249250e-01 
 7.25000000e-07  3.30897604e-01 
 8.25000000e-07  2.92734704e-01 
 9.25000000e-07  2.54584262e-01 
 1.02500000e-06  2.22245216e-01 
 1.12500000e-06  2.00629791e-01 
 1.22500000e-06  1.93006038e-01 
 1.32500000e-06  2.00523512e-01 
 1.42500000e-06  2.22039923e-01 
 1.52500000e-06  2.54292704e-01 
 1.62500000e-06  2.92387152e-01 
 1.72500000e-06  3.30546726e-01 
 1.82500000e-06  3.62955875e-01 
 1.92500000e-06  3.84671657e-01 
 2.02500000e-06  3.92360237e-01 
 2.12500000e-06  3.84838318e-01 
 2.22500000e-06  3.63246600e-01 
 2.32500000e-06  3.30898697e-01 
 2.42500000e-06  2.92732773e-01 
 2.52500000e-06  2.54584003e-01 
 2.62500000e-06  2.22245620e-01 
 2.72500000e-06  2.00629854e-01 
 2.82500000e-06  1.93005464e-01 
 2.92500000e-06  2.00524712e-01 
 3.02500000e-06  2.22040953e-01 
 3.12500000e-06  2.54292038e-01 
 3.22500000e-06  2.92385749e-01 
 3.32500000e-06  3.30546718e-01 
 3.42500000e-06  3.62957433e-01 
 3.50000000e-06  3.88237544e-01 
 1.25000000e-07  3.47725320e-01 
 2.25000000e-07  3.84629638e-01 
 3.25000000e-07  3.90503396e-01 
 4.25000000e-07  3.63318522e-01 
 5.25000000e-07  3.12278391e-01 
 6.25000000e-07  2.54656045e-01 
 7.25000000e-07  2.09886902e-01 
 8.25000000e-07  1.93006336e-01 
 9.25000000e-07  2.09653196e-01 
 1.02500000e-06  2.54217875e-01 
 1.12500000e-06  3.11739735e-01 
 1.22500000e-06  3.62882992e-01 
 1.32500000e-06  3.90375759e-01 
 1.42500000e-06  3.84879151e-01 
 1.52500000e-06  3.48221336e-01 
 1.62500000e-06  2.92820894e-01 
 1.72500000e-06  2.37413505e-01 
 1.82500000e-06  2.00655891e-01 
 1.92500000e-06  1.94877349e-01 
 2.02500000e-06  2.21989478e-01 
 2.12500000e-06  2.72876641e-01 
 2.22500000e-06  3.30457353e-01 
 2.32500000e-06  3.75344554e-01 
 2.42500000e-06  3.92360190e-01 
 2.52500000e-06  3.75699255e-01 
 2.62500000e-06  3.30985161e-01 
 2.72500000e-06  2.73365528e-01 
 2.82500000e-06  2.22296983e-01 
 2.92500000e-06  1.94956309e-01 
 3.02500000e-06  2.00499100e-01 
 3.12500000e-06  2.37037177e-01 
 3.22500000e-06  2.92299507e-01 
 3.32500000e-06  3.47724582e-01 
 3.42500000e-06  3.84629637e-01 
 3.50000000e-06  3.94065747e-01 
 1.25000000e-07  3.62809352e-01 
 2.25000000e-07  3.92359661e-01 
 3.25000000e-07  3.63392314e-01 
 4.25000000e-07  2.92905647e-01 
 5.25000000e-07  2.22349292e-01 
 6.25000000e-07  1.93005876e-01 
 7.25000000e-07  2.21938626e-01 
 8.25000000e-07  2.92212831e-01 
 9.25000000e-07  3.62810349e-01 
 1.02500000e-06  3.92359778e-01 
 1.12500000e-06  3.63393045e-01 
 1.22500000e-06  2.92906808e-01 
 1.32500000e-06  2.22348418e-01 
 1.42500000e-06  1.93006132e-01 
 1.52500000e-06  2.21937641e-01 
 1.62500000e-06  2.92212849e-01 
 1.72500000e-06  3.62810279e-01 
 1.82500000e-06  3.92358310e-01 
 1.92500000e-06  3.63392077e-01 
 2.02500000e-06  2.92907626e-01 
 2.12500000e-06  2.22348996e-01 
 2.22500000e-06  1.93005930e-01 
 2.32500000e-06  2.21937631e-01 
 2.42500000e-06  2.92211102e-01 
 2.52500000e-06  3.62810427e-01 
 2.62500000e-06  3.92359757e-01 
 2.72500000e-06  3.63392476e-01 
 2.82500000e-06  2.92907024e-01 
 2.92500000e-06  2.22347914e-01 
 3.02500000e-06  1.93005970e-01 
 3.12500000e-06  2.21938013e-01 
 3.22500000e-06  2.92212838e-01 
 3.32500000e-06  3.62809452e-01 
 3.42500000e-06  3.92359688e-01 
 3.50000000e-06  3.66967169e-01 
 1.25000000e-07  3.75225495e-01 
 2.25000000e-07  3.84960069e-01 
 3.25000000e-07  3.12454233e-01 
 4.25000000e-07  2.22400043e-01 
 5.25000000e-07  1.94851997e-01 
 6.25000000e-07  2.54073793e-01 
 7.25000000e-07  3.47559620e-01 
 8.25000000e-07  3.92358944e-01 
 9.25000000e-07  3.48385402e-01 
 1.02500000e-06  2.54802591e-01 
 1.12500000e-06  1.94983271e-01 
 1.22500000e-06  2.21887390e-01 
 1.32500000e-06  3.11563699e-01 
 1.42500000e-06  3.84544013e-01 
 1.52500000e-06  3.75816157e-01 
 1.62500000e-06  2.92994468e-01 
 1.72500000e-06  2.09965231e-01 
 1.82500000e-06  2.00446805e-01 
 1.92500000e-06  2.72715843e-01 
 2.02500000e-06  3.62737430e-01 
 2.12500000e-06  3.90546261e-01 
 2.22500000e-06  3.31161056e-01 
 2.32500000e-06  2.37538167e-01 
 2.42500000e-06  1.93006273e-01 
 2.52500000e-06  2.36911500e-01 
 2.62500000e-06  3.30280520e-01 
 2.72500000e-06  3.90330244e-01 
 2.82500000e-06  3.63466598e-01 
 2.92500000e-06  2.73526485e-01 
 3.02500000e-06  2.00708502e-01 
 3.12500000e-06  2.09575689e-01 
 3.22500000e-06  2.92126165e-01 
 3.32500000e-06  3.75225710e-01 
 3.42500000e-06  3.84961790e-01 
 3.50000000e-06  3.16047874e-01 
 1.25000000e-07  3.84501844e-01 
 2.25000000e-07  3.63538422e-01 
 3.25000000e-07  2.54876136e-01 
 4.25000000e-07  1.93006519e-01 
 5.25000000e-07  2.54000881e-01 
 6.25000000e-07  3.62664007e-01 
 7.25000000e-07  3.85001727e-01 
 8.25000000e-07  2.93081882e-01 
 9.25000000e-07  2.00734900e-01 
 1.02500000e-06  2.21836540e-01 
 1.12500000e-06  3.30193225e-01 
 1.22500000e-06  3.92358422e-01 
 1.32500000e-06  3.31248778e-01 
 1.42500000e-06  2.22451412e-01 
 1.52500000e-06  2.00420342e-01 
 1.62500000e-06  2.92040054e-01 
 1.72500000e-06  3.84501944e-01 
 1.82500000e-06  3.63538549e-01 
 1.92500000e-06  2.54874794e-01 
 2.02500000e-06  1.93006445e-01 
 2.12500000e-06  2.54001058e-01 
 2.22500000e-06  3.62663826e-01 
 2.32500000e-06  3.85001395e-01 
 2.42500000e-06  2.93081388e-01 
 2.52500000e-06  2.00734748e-01 
 2.62500000e-06  2.21835833e-01 
 2.72500000e-06  3.30193291e-01 
 2.82500000e-06  3.92356545e-01 
 2.92500000e-06  3.31248582e-01 
 3.02500000e-06  2.22451757e-01 
 3.12500000e-06  2.00420945e-01 
 3.22500000e-06  2.92039481e-01 
 3.32500000e-06  3.84501668e-01 
 3.42500000e-06  3.63538063e-01 
 3.50000000e-06  2.58488057e-01 
 1.25000000e-07  3.90286066e-01 
 2.25000000e-07  3.31336317e-01 
 3.25000000e-07  2.10042674e-01 
 4.25000000e-07  2.21785245e-01 
 5.25000000e-07  3.47394841e-01 
 6.25000000e-07  3.85043920e-01 
 7.25000000e-07  2.73690771e-01 
 8.25000000e-07  1.93006767e-01 
 9.25000000e-07  2.72553358e-01 
 1.02500000e-06  3.84459578e-01 
 1.12500000e-06  3.48551145e-01 
 1.22500000e-06  2.22503791e-01 
 1.32500000e-06  2.09498160e-01 
 1.42500000e-06  3.30105385e-01 
 1.52500000e-06  3.90588376e-01 
 1.62500000e-06  2.93169117e-01 
 1.72500000e-06  1.95009899e-01 
 1.82500000e-06  2.53927752e-01 
 1.92500000e-06  3.75105508e-01 
 2.02500000e-06  3.63611010e-01 
 2.12500000e-06  2.37665772e-01 
 2.22500000e-06  2.00395044e-01 
 2.32500000e-06  3.11383097e-01 
 2.42500000e-06  3.92356746e-01 
 2.52500000e-06  3.12635045e-01 
 2.62500000e-06  2.00761368e-01 
 2.72500000e-06  2.36786204e-01 
 2.82500000e-06  3.62589787e-01 
 2.92500000e-06  3.75934082e-01 
 3.02500000e-06  2.54949150e-01 
 3.12500000e-06  1.94825898e-01 
 3.22500000e-06  2.91952923e-01 
 3.32500000e-06  3.90286067e-01 
 3.42500000e-06  3.31336134e-01 
 3.50000000e-06  2.13670783e-01 
 1.25000000e-07  3.92355586e-01 
 2.25000000e-07  2.93253890e-01 
 3.25000000e-07  1.93007245e-01 
 4.25000000e-07  2.91865776e-01 
 5.25000000e-07  3.92355138e-01 
 6.25000000e-07  2.93255942e-01 
 7.25000000e-07  1.93007244e-01 
 8.25000000e-07  2.91867070e-01 
 9.25000000e-07  3.92355870e-01 
 1.02500000e-06  2.93255698e-01 
 1.12500000e-06  1.93007247e-01 
 1.22500000e-06  2.91866101e-01 
 1.32500000e-06  3.92356097e-01 
 1.42500000e-06  2.93255584e-01 
 1.52500000e-06  1.93007261e-01 
 1.62500000e-06  2.91866607e-01 
 1.72500000e-06  3.92353237e-01 
 1.82500000e-06  2.93255420e-01 
 1.92500000e-06  1.93006265e-01 
 2.02500000e-06  2.91866729e-01 
 2.12500000e-06  3.92355778e-01 
 2.22500000e-06  2.93255619e-01 
 2.32500000e-06  1.93007256e-01 
 2.42500000e-06  2.91866437e-01 
 2.52500000e-06  3.92354430e-01 
 2.62500000e-06  2.93255516e-01 
 2.72500000e-06  1.93007317e-01 
 2.82500000e-06  2.91864851e-01 
 2.92500000e-06  3.92355848e-01 
 3.02500000e-06  2.93253924e-01 
 3.12500000e-06  1.93007242e-01 
 3.22500000e-06  2.91866721e-01 
 3.32500000e-06  3.92355107e-01 
 3.42500000e-06  2.93254661e-01 
 3.50000000e-06  1.96642488e-01 
 1.25000000e-07  3.90628177e-01 
 2.25000000e-07  2.55095665e-01 
 3.25000000e-07  2.09421219e-01 
 4.25000000e-07  3.62443528e-01 
 5.25000000e-07  3.48715619e-01 
 6.25000000e-07  2.00814731e-01 
 7.25000000e-07  2.72392948e-01 
 8.25000000e-07  3.92353969e-01 
 9.25000000e-07  2.73853975e-01 
 1.02500000e-06  2.00343681e-01 
 1.12500000e-06  3.47228599e-01 
 1.22500000e-06  3.63755604e-01 
 1.32500000e-06  2.10121428e-01 
 1.42500000e-06  2.53781704e-01 
 1.52500000e-06  3.90240601e-01 
 1.62500000e-06  2.93343075e-01 
 1.72500000e-06  1.94800499e-01 
 1.82500000e-06  3.29929197e-01 
 1.92500000e-06  3.76050733e-01 
 2.02500000e-06  2.22606464e-01 
 2.12500000e-06  2.36661405e-01 
 2.22500000e-06  3.84374383e-01 
 2.32500000e-06  3.12813763e-01 
 2.42500000e-06  1.93007706e-01 
 2.52500000e-06  3.11204325e-01 
 2.62500000e-06  3.85124374e-01 
 2.72500000e-06  2.37793008e-01 
 2.82500000e-06  2.21683920e-01 
 2.92500000e-06  3.74987595e-01 
 3.02500000e-06  3.31512936e-01 
 3.12500000e-06  1.95036676e-01 
 3.22500000e-06  2.91779084e-01 
 3.32500000e-06  3.90628761e-01 
 3.42500000e-06  2.55095927e-01 
 3.50000000e-06  2.13048394e-01 
 1.25000000e-07  3.85164217e-01 
 2.25000000e-07  2.22659243e-01 
 3.25000000e-07  2.53710888e-01 
 4.25000000e-07  3.92353305e-01 
 5.25000000e-07  2.55168196e-01 
 6.25000000e-07  2.21632962e-01 
 7.25000000e-07  3.84332009e-01 
 8.25000000e-07  2.93430058e-01 
 9.25000000e-07  2.00318006e-01 
 1.02500000e-06  3.62370564e-01 
 1.12500000e-06  3.31600803e-01 
 1.22500000e-06  1.93008004e-01 
 1.32500000e-06  3.29841193e-01 
 1.42500000e-06  3.63828113e-01 
 1.52500000e-06  2.00840809e-01 
 1.62500000e-06  2.91693956e-01 
 1.72500000e-06  3.85164869e-01 
 1.82500000e-06  2.22657542e-01 
 1.92500000e-06  2.53710916e-01 
 2.02500000e-06  3.92352089e-01 
 2.12500000e-06  2.55169487e-01 
 2.22500000e-06  2.21633252e-01 
 2.32500000e-06  3.84331650e-01 
 2.42500000e-06  2.93430120e-01 
 2.52500000e-06  2.00318008e-01 
 2.62500000e-06  3.62370136e-01 
 2.72500000e-06  3.31599791e-01 
 2.82500000e-06  1.93008221e-01 
 2.92500000e-06  3.29841294e-01 
 3.02500000e-06  3.63828365e-01 
 3.12500000e-06  2.00840233e-01 
 3.22500000e-06  2.91693298e-01 
 3.32500000e-06  3.85165974e-01 
 3.42500000e-06  2.22659215e-01 
 3.50000000e-06  2.57321676e-01 
 1.25000000e-07  3.76166949e-01 
 2.25000000e-07  2.00868110e-01 
 3.25000000e-07  3.11028841e-01 
 4.25000000e-07  3.63900188e-01 
 5.25000000e-07  1.95064264e-01 
 6.25000000e-07  3.29751993e-01 
 7.25000000e-07  3.48876769e-01 
 8.25000000e-07  1.93008909e-01 
 9.25000000e-07  3.47063708e-01 
 1.02500000e-06  3.31687685e-01 
 1.12500000e-06  1.94775494e-01 
 1.22500000e-06  3.62296446e-01 
 1.32500000e-06  3.12990791e-01 
 1.42500000e-06  2.00292411e-01 
 1.52500000e-06  3.74866710e-01 
 1.62500000e-06  2.93517320e-01 
 1.72500000e-06  2.09344319e-01 
 1.82500000e-06  3.84287949e-01 
 1.92500000e-06  2.74015612e-01 
 2.02500000e-06  2.21582233e-01 
 2.12500000e-06  3.90192436e-01 
 2.22500000e-06  2.55242988e-01 
 2.32500000e-06  2.36538382e-01 
 2.42500000e-06  3.92351769e-01 
 2.52500000e-06  2.37918967e-01 
 2.62500000e-06  2.53638147e-01 
 2.72500000e-06  3.90669066e-01 
 2.82500000e-06  2.22710643e-01 
 2.92500000e-06  2.72231310e-01 
 3.02500000e-06  3.85205504e-01 
 3.12500000e-06  2.10200682e-01 
 3.22500000e-06  2.91607110e-01 
 3.32500000e-06  3.76167089e-01 
 3.42500000e-06  2.00867743e-01 
 3.50000000e-06  3.14620882e-01 
 1.25000000e-07  3.63972583e-01 
 2.25000000e-07  1.93009166e-01 
 3.25000000e-07  3.62221326e-01 
 4.25000000e-07  2.93603428e-01 
 5.25000000e-07  2.21531605e-01 
 6.25000000e-07  3.92347605e-01 
 7.25000000e-07  2.22762037e-01 
 8.25000000e-07  2.91520946e-01 
 9.25000000e-07  3.63972203e-01 
 1.02500000e-06  1.93008955e-01 
 1.12500000e-06  3.62221547e-01 
 1.22500000e-06  2.93604918e-01 
 1.32500000e-06  2.21531674e-01 
 1.42500000e-06  3.92350333e-01 
 1.52500000e-06  2.22762385e-01 
 1.62500000e-06  2.91520400e-01 
 1.72500000e-06  3.63972458e-01 
 1.82500000e-06  1.93009478e-01 
 1.92500000e-06  3.62223550e-01 
 2.02500000e-06  2.93604545e-01 
 2.12500000e-06  2.21531433e-01 
 2.22500000e-06  3.92349364e-01 
 2.32500000e-06  2.22762022e-01 
 2.42500000e-06  2.91520638e-01 
 2.52500000e-06  3.63972577e-01 
 2.62500000e-06  1.93009497e-01 
 2.72500000e-06  3.62223518e-01 
 2.82500000e-06  2.93604183e-01 
 2.92500000e-06  2.21531638e-01 
 3.02500000e-06  3.92350306e-01 
 3.12500000e-06  2.22763131e-01 
 3.22500000e-06  2.91520907e-01 
 3.32500000e-06  3.63972597e-01 
 3.42500000e-06  1.93009432e-01 
 3.50000000e-06  3.65797592e-01 
 1.25000000e-07  3.49044427e-01 
 2.25000000e-07  2.00241063e-01 
 3.25000000e-07  3.90148637e-01 
 4.25000000e-07  2.22814196e-01 
 5.25000000e-07  3.10850996e-01 
 6.25000000e-07  3.31864753e-01 
 7.25000000e-07  2.09267659e-01 
 8.25000000e-07  3.92348536e-01 
 9.25000000e-07  2.10281119e-01 
 1.02500000e-06  3.29577377e-01 
 1.12500000e-06  3.13169792e-01 
 1.22500000e-06  2.21481102e-01 
 1.32500000e-06  3.90708670e-01 
 1.42500000e-06  2.00921684e-01 
 1.52500000e-06  3.46895829e-01 
 1.62500000e-06  2.93691777e-01 
 1.72500000e-06  2.36413314e-01 
 1.82500000e-06  3.85286142e-01 
 1.92500000e-06  1.95091829e-01 
 2.02500000e-06  3.62148967e-01 
 2.12500000e-06  2.74180407e-01 
 2.22500000e-06  2.53494526e-01 
 2.32500000e-06  3.76282746e-01 
 2.42500000e-06  1.93009847e-01 
 2.52500000e-06  3.74746094e-01 
 2.62500000e-06  2.55390666e-01 
 2.72500000e-06  2.72069858e-01 
 2.82500000e-06  3.64044461e-01 
 2.92500000e-06  1.94750210e-01 
 3.02500000e-06  3.84202347e-01 
 3.12500000e-06  2.38046463e-01 
 3.22500000e-06  2.91432415e-01 
 3.32500000e-06  3.49043602e-01 
 3.42500000e-06  2.00241050e-01 
 3.50000000e-06  3.93712916e-01 
 1.25000000e-07  3.31951945e-01 
 2.25000000e-07  2.21429674e-01 
 3.25000000e-07  3.85326315e-01 
 4.25000000e-07  1.93009982e-01 
 5.25000000e-07  3.84159092e-01 
 6.25000000e-07  2.22866930e-01 
 7.25000000e-07  3.29488998e-01 
 8.25000000e-07  2.93778450e-01 
 9.25000000e-07  2.53420934e-01 
 1.02500000e-06  3.64114087e-01 
 1.12500000e-06  2.00215831e-01 
 1.22500000e-06  3.92345768e-01 
 1.32500000e-06  2.00948569e-01 
 1.42500000e-06  3.62075700e-01 
 1.52500000e-06  2.55463443e-01 
 1.62500000e-06  2.91346133e-01 
 1.72500000e-06  3.31952560e-01 
 1.82500000e-06  2.21429874e-01 
 1.92500000e-06  3.85326132e-01 
 2.02500000e-06  1.93009425e-01 
 2.12500000e-06  3.84159836e-01 
 2.22500000e-06  2.22867230e-01 
 2.32500000e-06  3.29489362e-01 
 2.42500000e-06  2.93778869e-01 
 2.52500000e-06  2.53421283e-01 
 2.62500000e-06  3.64116476e-01 
 2.72500000e-06  2.00215775e-01 
 2.82500000e-06  3.92346515e-01 
 2.92500000e-06  2.00948606e-01 
 3.02500000e-06  3.62075590e-01 
 3.12500000e-06  2.55463204e-01 
 3.22500000e-06  2.91347819e-01 
 3.32500000e-06  3.31951066e-01 
 3.42500000e-06  2.21430957e-01 
 3.50000000e-06  3.88892668e-01 
 1.25000000e-07  3.13348337e-01 
 2.25000000e-07  2.53350051e-01 
 3.25000000e-07  3.49207590e-01 
 4.25000000e-07  2.21379859e-01 
 5.25000000e-07  3.76398138e-01 
 6.25000000e-07  2.00190297e-01 
 7.25000000e-07  3.90748614e-01 
 8.25000000e-07  1.93011232e-01 
 9.25000000e-07  3.90101671e-01 
 1.02500000e-06  2.00975486e-01 
 1.12500000e-06  3.74625877e-01 
 1.22500000e-06  2.22918623e-01 
 1.32500000e-06  3.46731819e-01 
 1.42500000e-06  2.55537949e-01 
 1.52500000e-06  3.10672971e-01 
 1.62500000e-06  2.93866156e-01 
 1.72500000e-06  2.71909230e-01 
 1.82500000e-06  3.32040606e-01 
 1.92500000e-06  2.36289469e-01 
 2.02500000e-06  3.64188590e-01 
 2.12500000e-06  2.09190177e-01 
 2.22500000e-06  3.85366410e-01 
 2.32500000e-06  1.94725637e-01 
 2.42500000e-06  3.92344401e-01 
 2.52500000e-06  1.95119590e-01 
 2.62500000e-06  3.84115964e-01 
 2.72500000e-06  2.10360510e-01 
 2.82500000e-06  3.62002277e-01 
 2.92500000e-06  2.38172565e-01 
 3.02500000e-06  3.29401362e-01 
 3.12500000e-06  2.74344033e-01 
 3.22500000e-06  2.91260113e-01 
 3.32500000e-06  3.13347315e-01 
 3.42500000e-06  2.53349256e-01 
 3.50000000e-06  3.52787408e-01 
